0.9999,0.0001,0.0000,0.0000
0.0000,1.0000,0.0000,0.0000
1.0000,0.0000,0.0000,0.0000
0.0000,1.0000,0.0000,0.0000
0.0003,0.0000,0.9997,0.0000
0.9999,0.0000,0.0001,0.0000
0.0000,1.0000,0.0000,0.0000
0.9993,0.0002,0.0005,0.0000
0.9971,0.0029,0.0000,0.0000
1.0000,0.0000,0.0000,0.0000
0.0000,1.0000,0.0000,0.0000
0.0000,1.0000,0.0000,0.0000
0.0000,1.0000,0.0000,0.0000
1.0000,0.0000,0.0000,0.0000
0.0057,0.0000,0.9943,0.0000
0.0023,0.0000,0.9977,0.0000
1.0000,0.0000,0.0000,0.0000
0.0000,1.0000,0.0000,0.0000
0.9971,0.0000,0.0029,0.0000
1.0000,0.0000,0.0000,0.0000
0.9966,0.0000,0.0034,0.0000
0.9802,0.0198,0.0000,0.0000
0.0000,1.0000,0.0000,0.0000
1.0000,0.0000,0.0000,0.0000
1.0000,0.0000,0.0000,0.0000
0.0005,0.9995,0.0000,0.0000
0.0000,1.0000,0.0000,0.0000
0.0000,0.0001,0.9999,0.0000
0.9999,0.0000,0.0001,0.0000
0.0000,1.0000,0.0000,0.0000
0.0000,0.0016,0.9984,0.0000
0.9911,0.0089,0.0000,0.0000
0.0000,0.0000,1.0000,0.0000
0.0000,0.0000,1.0000,0.0000
0.0000,0.0078,0.9922,0.0000
0.9997,0.0003,0.0000,0.0000
0.0000,0.0075,0.9925,0.0000
0.0321,0.9648,0.0031,0.0000
1.0000,0.0000,0.0000,0.0000
0.9858,0.0142,0.0000,0.0000
0.9501,0.0499,0.0000,0.0000
1.0000,0.0000,0.0000,0.0000
0.0214,0.0000,0.9786,0.0000
0.0000,1.0000,0.0000,0.0000
0.0000,0.0000,1.0000,0.0000
0.0000,1.0000,0.0000,0.0000
1.0000,0.0000,0.0000,0.0000
1.0000,0.0000,0.0000,0.0000
1.0000,0.0000,0.0000,0.0000
1.0000,0.0000,0.0000,0.0000
0.0000,0.0000,1.0000,0.0000
0.0002,0.9990,0.0007,0.0000
0.0000,1.0000,0.0000,0.0000
0.0000,1.0000,0.0000,0.0000
1.0000,0.0000,0.0000,0.0000
0.0001,0.9999,0.0000,0.0000
0.0000,1.0000,0.0000,0.0000
1.0000,0.0000,0.0000,0.0000
1.0000,0.0000,0.0000,0.0000
0.0000,0.9853,0.0147,0.0000
0.0000,1.0000,0.0000,0.0000
1.0000,0.0000,0.0000,0.0000
0.9764,0.0140,0.0096,0.0000
0.0000,0.9995,0.0005,0.0000
0.0000,0.0000,1.0000,0.0000
1.0000,0.0000,0.0000,0.0000
0.0000,1.0000,0.0000,0.0000
1.0000,0.0000,0.0000,0.0000
0.0000,0.9917,0.0083,0.0000
1.0000,0.0000,0.0000,0.0000
0.0000,1.0000,0.0000,0.0000
0.0000,1.0000,0.0000,0.0000
0.0122,0.9878,0.0000,0.0000
0.0000,0.0000,1.0000,0.0000
0.0000,0.9955,0.0045,0.0000
0.0000,1.0000,0.0000,0.0000
0.9991,0.0000,0.0009,0.0000
0.9972,0.0028,0.0000,0.0000
0.0000,1.0000,0.0000,0.0000
0.0000,1.0000,0.0000,0.0000
0.0004,0.9996,0.0000,0.0000
0.0033,0.0053,0.9914,0.0000
0.0000,0.0000,1.0000,0.0000
1.0000,0.0000,0.0000,0.0000
1.0000,0.0000,0.0000,0.0000
1.0000,0.0000,0.0000,0.0000
1.0000,0.0000,0.0000,0.0000
0.9951,0.0049,0.0000,0.0000
1.0000,0.0000,0.0000,0.0000
0.0000,0.9999,0.0001,0.0000
0.0000,0.0000,1.0000,0.0000
0.0057,0.9943,0.0000,0.0000
0.9999,0.0001,0.0000,0.0000
0.0000,1.0000,0.0000,0.0000
0.9999,0.0000,0.0001,0.0000
0.0000,1.0000,0.0000,0.0000
1.0000,0.0000,0.0000,0.0000
1.0000,0.0000,0.0000,0.0000
1.0000,0.0000,0.0000,0.0000
0.0004,0.9996,0.0000,0.0000
0.9961,0.0000,0.0039,0.0000
0.0000,0.0069,0.9931,0.0000
0.9524,0.0402,0.0074,0.0000
1.0000,0.0000,0.0000,0.0000
0.0000,1.0000,0.0000,0.0000
0.0001,0.0000,0.9999,0.0000
0.9953,0.0047,0.0000,0.0000
1.0000,0.0000,0.0000,0.0000
0.0000,0.0021,0.9979,0.0000
0.0077,0.0000,0.9923,0.0000
0.0000,1.0000,0.0000,0.0000
1.0000,0.0000,0.0000,0.0000
0.0000,1.0000,0.0000,0.0000
0.9980,0.0020,0.0000,0.0000
0.0014,0.9986,0.0000,0.0000
0.0019,0.9981,0.0000,0.0000
0.0000,0.0006,0.9994,0.0000
0.0000,1.0000,0.0000,0.0000
0.0128,0.0000,0.9872,0.0000
1.0000,0.0000,0.0000,0.0000
0.0000,1.0000,0.0000,0.0000
0.0000,1.0000,0.0000,0.0000
0.0000,1.0000,0.0000,0.0000
0.0000,1.0000,0.0000,0.0000
0.0441,0.9546,0.0014,0.0000
0.0000,1.0000,0.0000,0.0000
1.0000,0.0000,0.0000,0.0000
0.0000,1.0000,0.0000,0.0000
0.0000,1.0000,0.0000,0.0000
0.0000,1.0000,0.0000,0.0000
0.0000,0.0061,0.9939,0.0000
0.0000,0.0000,1.0000,0.0000
0.0000,0.0000,1.0000,0.0000
1.0000,0.0000,0.0000,0.0000
0.0000,1.0000,0.0000,0.0000
0.0000,0.0363,0.9637,0.0000
0.0000,1.0000,0.0000,0.0000
0.0000,0.0000,1.0000,0.0000
0.0000,0.0001,0.9999,0.0000
0.0000,0.0000,1.0000,0.0000
1.0000,0.0000,0.0000,0.0000
1.0000,0.0000,0.0000,0.0000
0.9932,0.0000,0.0068,0.0000
0.0000,1.0000,0.0000,0.0000
0.0000,1.0000,0.0000,0.0000
0.0586,0.9414,0.0000,0.0000
0.0000,1.0000,0.0000,0.0000
1.0000,0.0000,0.0000,0.0000
0.9496,0.0504,0.0000,0.0000
1.0000,0.0000,0.0000,0.0000
0.9989,0.0011,0.0000,0.0000
0.9997,0.0000,0.0003,0.0000
0.9988,0.0012,0.0000,0.0000
0.0000,1.0000,0.0000,0.0000
1.0000,0.0000,0.0000,0.0000
0.0000,1.0000,0.0000,0.0000
0.9903,0.0000,0.0097,0.0000
1.0000,0.0000,0.0000,0.0000
0.0001,0.9999,0.0000,0.0000
1.0000,0.0000,0.0000,0.0000
0.0000,0.0361,0.9639,0.0000
0.0000,0.0000,1.0000,0.0000
1.0000,0.0000,0.0000,0.0000
0.0000,1.0000,0.0000,0.0000
1.0000,0.0000,0.0000,0.0000
0.0431,0.0000,0.9569,0.0000
1.0000,0.0000,0.0000,0.0000
0.0003,0.0000,0.9997,0.0000
1.0000,0.0000,0.0000,0.0000
0.9973,0.0000,0.0027,0.0000
0.0049,0.0000,0.9951,0.0000
1.0000,0.0000,0.0000,0.0000
0.0000,1.0000,0.0000,0.0000
1.0000,0.0000,0.0000,0.0000
1.0000,0.0000,0.0000,0.0000
0.0000,1.0000,0.0000,0.0000
0.9773,0.0227,0.0000,0.0000
1.0000,0.0000,0.0000,0.0000
1.0000,0.0000,0.0000,0.0000
1.0000,0.0000,0.0000,0.0000
1.0000,0.0000,0.0000,0.0000
0.9982,0.0000,0.0018,0.0000
0.0000,1.0000,0.0000,0.0000
0.0000,0.0000,1.0000,0.0000
0.9972,0.0028,0.0000,0.0000
0.0000,1.0000,0.0000,0.0000
0.0004,0.9996,0.0000,0.0000
0.9970,0.0030,0.0000,0.0000
0.0000,0.0000,1.0000,0.0000
1.0000,0.0000,0.0000,0.0000
1.0000,0.0000,0.0000,0.0000
0.0000,1.0000,0.0000,0.0000
0.0000,0.0000,1.0000,0.0000
0.0014,0.9986,0.0000,0.0000
1.0000,0.0000,0.0000,0.0000
0.0000,1.0000,0.0000,0.0000
0.9983,0.0017,0.0000,0.0000
1.0000,0.0000,0.0000,0.0000
1.0000,0.0000,0.0000,0.0000
0.0000,1.0000,0.0000,0.0000
1.0000,0.0000,0.0000,0.0000
0.0000,1.0000,0.0000,0.0000
0.0000,1.0000,0.0000,0.0000
0.0084,0.9916,0.0000,0.0000
0.0000,1.0000,0.0000,0.0000
0.0000,0.0000,1.0000,0.0000
1.0000,0.0000,0.0000,0.0000
0.0000,1.0000,0.0000,0.0000
0.0125,0.9875,0.0000,0.0000
1.0000,0.0000,0.0000,0.0000
0.9941,0.0059,0.0000,0.0000
0.0000,0.0000,1.0000,0.0000
0.8881,0.1119,0.0000,0.0000
1.0000,0.0000,0.0000,0.0000
0.0000,0.0125,0.9874,0.0000
0.0000,1.0000,0.0000,0.0000
0.0000,1.0000,0.0000,0.0000
1.0000,0.0000,0.0000,0.0000
1.0000,0.0000,0.0000,0.0000
0.0000,0.0153,0.9847,0.0000
1.0000,0.0000,0.0000,0.0000
0.0000,1.0000,0.0000,0.0000
1.0000,0.0000,0.0000,0.0000
1.0000,0.0000,0.0000,0.0000
0.0000,1.0000,0.0000,0.0000
0.0000,1.0000,0.0000,0.0000
0.0000,1.0000,0.0000,0.0000
0.0000,0.0000,1.0000,0.0000
1.0000,0.0000,0.0000,0.0000
1.0000,0.0000,0.0000,0.0000
0.0408,0.9592,0.0000,0.0000
0.0000,0.9998,0.0002,0.0000
0.9371,0.0000,0.0629,0.0000
0.0000,0.0001,0.9999,0.0000
0.0000,0.0018,0.9982,0.0000
0.0006,0.0000,0.9994,0.0000
0.0000,0.0000,1.0000,0.0000
0.0000,1.0000,0.0000,0.0000
0.0000,1.0000,0.0000,0.0000
0.0000,1.0000,0.0000,0.0000
1.0000,0.0000,0.0000,0.0000
1.0000,0.0000,0.0000,0.0000
0.0000,1.0000,0.0000,0.0000
0.0000,0.0000,1.0000,0.0000
0.0000,1.0000,0.0000,0.0000
0.0000,0.0000,1.0000,0.0000
1.0000,0.0000,0.0000,0.0000
0.9992,0.0008,0.0000,0.0000
1.0000,0.0000,0.0000,0.0000
0.0000,0.0000,1.0000,0.0000
0.9835,0.0000,0.0165,0.0000
0.0000,0.0000,1.0000,0.0000
0.0000,0.0000,1.0000,0.0000
1.0000,0.0000,0.0000,0.0000
0.0000,0.0000,1.0000,0.0000
1.0000,0.0000,0.0000,0.0000
1.0000,0.0000,0.0000,0.0000
1.0000,0.0000,0.0000,0.0000
0.0136,0.0003,0.9861,0.0000
1.0000,0.0000,0.0000,0.0000
0.0000,0.0000,1.0000,0.0000
0.0000,1.0000,0.0000,0.0000
0.0079,0.0000,0.9921,0.0000
0.0000,1.0000,0.0000,0.0000
0.0000,0.9480,0.0520,0.0000
0.0000,1.0000,0.0000,0.0000
0.0000,0.0000,1.0000,0.0000
1.0000,0.0000,0.0000,0.0000
0.0000,0.9999,0.0001,0.0000
0.0000,0.0000,1.0000,0.0000
0.0000,0.0000,1.0000,0.0000
1.0000,0.0000,0.0000,0.0000
0.0000,1.0000,0.0000,0.0000
1.0000,0.0000,0.0000,0.0000
0.0000,1.0000,0.0000,0.0000
0.0000,1.0000,0.0000,0.0000
1.0000,0.0000,0.0000,0.0000
1.0000,0.0000,0.0000,0.0000
0.0000,1.0000,0.0000,0.0000
0.0000,1.0000,0.0000,0.0000
0.0004,0.9996,0.0000,0.0000
0.0000,1.0000,0.0000,0.0000
0.0000,1.0000,0.0000,0.0000
0.0000,1.0000,0.0000,0.0000
0.0034,0.9966,0.0000,0.0000
1.0000,0.0000,0.0000,0.0000
0.0000,0.9979,0.0021,0.0000
1.0000,0.0000,0.0000,0.0000
0.0000,1.0000,0.0000,0.0000
0.0000,0.9992,0.0008,0.0000
0.0000,1.0000,0.0000,0.0000
0.0000,1.0000,0.0000,0.0000
0.0000,0.0000,1.0000,0.0000
1.0000,0.0000,0.0000,0.0000
1.0000,0.0000,0.0000,0.0000
0.0000,1.0000,0.0000,0.0000
0.0126,0.9874,0.0000,0.0000
0.0103,0.9897,0.0000,0.0000
1.0000,0.0000,0.0000,0.0000
0.9987,0.0000,0.0013,0.0000
