1.0269, 0.0254, 0.7270, 0.5347, 0.9512, 0.0000, 0.0000, 0.0000, 0.0000, 0.4565, 1.1272, 0.0000
1.0958, 0.0000, 0.5972, 0.4266, 0.8866, 0.0000, 0.0000, 0.0000, 0.0000, 0.2812, 0.8964, 0.0000
1.2482, 0.0000, 0.6572, 0.5882, 1.0203, 0.0000, 0.0000, 0.0000, 0.0000, 0.4754, 1.1513, 0.0000
1.1702, 0.0747, 0.6010, 0.3913, 0.9508, 0.0000, 0.0000, 0.0000, 0.0000, 0.2843, 1.1373, 0.0000
1.1359, 0.0000, 0.4162, 0.4285, 0.8504, 0.1562, 0.0000, 0.0000, 0.0000, 0.3809, 1.0752, 0.0000
1.1426, 0.0000, 0.7770, 0.3045, 1.1436, 0.0471, 0.0000, 0.0000, 0.0000, 0.2297, 0.9687, 0.0000
0.7761, 0.2485, 0.6297, 0.6836, 0.8533, 0.0039, 0.0000, 0.0000, 0.0000, 0.4249, 1.2576, 0.0000
0.7950, 0.0910, 0.5430, 0.7863, 0.9161, 0.0000, 0.0000, 0.0000, 0.0000, 0.0000, 0.8150, 0.0000
1.0156, 0.0000, 0.7980, 0.5120, 0.9414, 0.0000, 0.0000, 0.0000, 0.0000, 0.4809, 0.9955, 0.0000
1.0179, 0.0000, 0.5206, 0.4574, 1.1189, 0.0000, 0.0000, 0.0000, 0.0000, 0.1864, 1.0545, 0.0000
1.0356, 0.0000, 0.6425, 0.5359, 1.0112, 0.0000, 0.0000, 0.0000, 0.0000, 0.3464, 1.1089, 0.0000
1.0840, 0.0000, 0.5036, 0.2908, 0.9578, 0.0000, 0.0000, 0.0000, 0.0000, 0.4324, 1.0428, 0.0000
1.5433, 0.0000, 0.6408, 0.3426, 1.1792, 0.0000, 0.0000, 0.0000, 0.0000, 0.3070, 1.1463, 0.0000
1.0216, 0.0000, 0.5283, 0.3604, 1.1152, 0.0633, 0.0000, 0.0000, 0.0000, 0.3281, 0.9233, 0.0000
0.9505, 0.0000, 0.5701, 0.1219, 0.7310, 0.1289, 0.0000, 0.0000, 0.0000, 0.3922, 1.0420, 0.0000
1.0525, 0.0000, 0.5419, 0.6565, 0.9046, 0.0000, 0.0000, 0.0000, 0.0000, 0.3423, 1.1268, 0.0000
1.3413, 0.0000, 0.5966, 0.4991, 1.2230, 0.0000, 0.0000, 0.0000, 0.0000, 0.3040, 1.0170, 0.0000
1.1939, 0.0143, 0.7995, 0.6937, 1.1284, 0.0000, 0.0000, 0.0000, 0.0000, 0.2979, 1.0060, 0.0000
1.0961, 0.0000, 0.5343, 0.3831, 0.8343, 0.1655, 0.0000, 0.0000, 0.0000, 0.4833, 1.1394, 0.0000
1.0949, 0.0000, 0.4000, 0.4803, 0.9283, 0.0203, 0.0000, 0.0000, 0.0000, 0.2645, 1.0994, 0.0000
0.9986, 0.0000, 0.7461, 0.3750, 1.0350, 0.0000, 0.0000, 0.0000, 0.0000, 0.4100, 1.0196, 0.0000
1.0885, 0.0000, 0.8986, 0.5761, 0.6550, 0.0000, 0.0000, 0.0000, 0.0000, 0.6473, 1.2391, 0.0000
1.1827, 0.0000, 0.2844, 0.4530, 1.0477, 0.1443, 0.0000, 0.0000, 0.0000, 0.1632, 1.1528, 0.0000
1.1888, 0.0000, 0.3271, 0.5965, 0.8104, 0.0000, 0.0000, 0.0000, 0.0000, 0.1712, 0.9062, 0.0000
1.0704, 0.0000, 0.3891, 0.1410, 0.9434, 0.0077, 0.0000, 0.0000, 0.0000, 0.2279, 0.9244, 0.0000
1.3585, 0.0000, 0.7859, 0.3009, 1.1643, 0.1564, 0.0000, 0.0000, 0.0000, 0.3854, 1.0253, 0.0000
1.0063, 0.0000, 0.7017, 0.3888, 1.1340, 0.0000, 0.0000, 0.0000, 0.0000, 0.2119, 0.9497, 0.0000
1.2473, 0.0000, 0.2255, 0.6867, 0.8055, 0.0641, 0.0000, 0.0000, 0.0000, 0.4002, 1.2724, 0.0000
1.3182, 0.0000, 0.2454, 0.2413, 0.9566, 0.1400, 0.0000, 0.0000, 0.0000, 0.2405, 1.0688, 0.0000
1.0078, 0.0000, 0.3412, 0.3230, 1.0705, 0.0000, 0.0000, 0.0000, 0.0000, 0.0982, 0.7690, 0.0000
1.1069, 0.0000, 0.5162, 0.5870, 0.9207, 0.0000, 0.0000, 0.0000, 0.0000, 0.2124, 1.0543, 0.0000
1.0173, 0.0000, 0.3558, 0.5496, 0.7191, 0.0716, 0.0000, 0.0000, 0.0000, 0.4737, 1.2692, 0.0000
1.2782, 0.0106, 0.4627, 0.4328, 1.1173, 0.1352, 0.0000, 0.0000, 0.0000, 0.4507, 1.3336, 0.0000
1.2443, 0.0000, 0.6612, 0.5546, 1.1437, 0.1690, 0.0000, 0.0000, 0.0000, 0.3280, 1.2139, 0.0000
1.2139, 0.0000, 0.1069, 0.3236, 1.0046, 0.1839, 0.0000, 0.0000, 0.0000, 0.2983, 0.9170, 0.0000
0.8421, 0.0000, 0.3141, 0.6333, 0.9842, 0.0000, 0.0000, 0.0000, 0.0000, 0.1404, 1.0356, 0.0000
0.9690, 0.2561, 0.7185, 0.6191, 0.9458, 0.0033, 0.0000, 0.0000, 0.0000, 0.3553, 1.2943, 0.0000
1.0999, 0.0851, 0.4205, 0.4919, 1.1147, 0.0939, 0.0000, 0.0000, 0.0000, 0.1544, 1.0918, 0.0000
0.8055, 0.0430, 0.3876, 0.7428, 1.0280, 0.0516, 0.0000, 0.0000, 0.0000, 0.1501, 1.1380, 0.0000
1.1541, 0.0000, 0.5599, 0.5110, 0.8703, 0.0000, 0.0000, 0.0000, 0.0000, 0.3478, 0.9294, 0.0000
1.2389, 0.0072, 0.5877, 0.5468, 0.8591, 0.0911, 0.0000, 0.0000, 0.0000, 0.5316, 1.2238, 0.0000
1.1165, 0.0000, 0.3692, 0.4071, 1.1900, 0.0000, 0.0000, 0.0000, 0.0000, 0.3286, 1.0874, 0.0000
0.9655, 0.0000, 0.4358, 0.4298, 1.0721, 0.1207, 0.0000, 0.0000, 0.0000, 0.2543, 1.0546, 0.0000
1.2093, 0.0343, 0.5865, 0.3644, 1.2885, 0.3847, 0.0000, 0.0000, 0.0000, 0.2145, 0.9838, 0.0000
1.0211, 0.0000, 0.2787, 0.5253, 1.0038, 0.0000, 0.0000, 0.0000, 0.0000, 0.3431, 1.0096, 0.0000
1.0878, 0.0000, 0.4728, 0.5186, 0.8896, 0.0481, 0.0000, 0.0000, 0.0000, 0.4478, 1.3311, 0.0000
1.0982, 0.0000, 0.5223, 0.1844, 0.9344, 0.1316, 0.0000, 0.0000, 0.0000, 0.2625, 0.9796, 0.0000
1.2151, 0.0000, 0.4276, 0.4506, 1.0210, 0.2553, 0.0000, 0.0000, 0.0000, 0.2347, 1.0453, 0.0000
0.8313, 0.2084, 0.3692, 0.6811, 0.9225, 0.0000, 0.0000, 0.0000, 0.0000, 0.1259, 1.0028, 0.0000
1.1630, 0.0000, 0.7175, 0.3061, 1.0985, 0.1991, 0.0000, 0.0000, 0.0000, 0.1681, 1.0913, 0.0000
1.3671, 0.0000, 0.5233, 0.5514, 1.1042, 0.3234, 0.0000, 0.0000, 0.0000, 0.2570, 1.2567, 0.0000
1.3115, 0.0000, 0.2943, 0.4255, 1.0136, 0.3438, 0.0000, 0.0000, 0.0000, 0.1281, 1.0336, 0.0000
1.0923, 0.0000, 0.4634, 0.6050, 0.9608, 0.0000, 0.0000, 0.0000, 0.0000, 0.3383, 1.0584, 0.0000
1.2217, 0.0000, 0.4944, 0.4987, 0.9677, 0.0000, 0.0000, 0.0000, 0.0000, 0.3488, 1.0069, 0.0000
1.1300, 0.0000, 0.4369, 0.8205, 0.9095, 0.2609, 0.0000, 0.0000, 0.0000, 0.1841, 0.9927, 0.0000
1.1653, 0.0000, 0.8959, 0.6702, 1.0193, 0.0000, 0.0000, 0.0000, 0.0000, 0.2001, 0.8226, 0.0000
1.1564, 0.0000, 0.6070, 0.4639, 0.8586, 0.0000, 0.0000, 0.0000, 0.0000, 0.5478, 1.1833, 0.0000
0.9326, 0.1120, 0.7643, 0.6584, 1.1278, 0.0000, 0.0000, 0.0000, 0.0000, 0.2341, 1.1505, 0.0000
1.1896, 0.0000, 0.4088, 0.2972, 0.8349, 0.0890, 0.0000, 0.0000, 0.0000, 0.4149, 1.1907, 0.0000
1.0236, 0.0000, 0.6374, 0.3267, 1.0029, 0.0212, 0.0000, 0.0000, 0.0000, 0.2620, 1.1189, 0.0000
1.1479, 0.0000, 0.6562, 0.4145, 0.9672, 0.0000, 0.0000, 0.0000, 0.0000, 0.1268, 0.8521, 0.0000
0.8787, 0.0000, 0.4900, 0.1904, 0.7071, 0.0000, 0.0000, 0.0000, 0.0000, 0.3905, 0.9176, 0.0000
1.0034, 0.2066, 0.5505, 0.4095, 0.9296, 0.0000, 0.0000, 0.0000, 0.0000, 0.4821, 1.2915, 0.0000
0.9980, 0.0000, 0.5243, 0.2990, 1.0190, 0.0000, 0.0000, 0.0000, 0.0000, 0.3262, 1.1318, 0.0000
0.8857, 0.3182, 0.6499, 0.7820, 0.9101, 0.0000, 0.0000, 0.0000, 0.0000, 0.1560, 1.1621, 0.0000
1.0730, 0.0000, 0.3896, 0.4263, 0.8694, 0.0000, 0.0000, 0.0000, 0.0000, 0.1906, 0.8854, 0.0000
0.9701, 0.0000, 0.4049, 0.6512, 0.9211, 0.0000, 0.0000, 0.0000, 0.0000, 0.2457, 1.0743, 0.0000
1.0146, 0.0431, 0.5393, 0.0311, 0.9748, 0.2726, 0.0000, 0.0000, 0.0000, 0.3469, 1.0896, 0.0000
1.0305, 0.0000, 0.4138, 0.4913, 0.8179, 0.0000, 0.0000, 0.0000, 0.0000, 0.4932, 1.3383, 0.0000
0.9868, 0.0284, 0.4342, 0.6155, 1.0193, 0.0000, 0.0000, 0.0000, 0.0000, 0.2063, 0.9596, 0.0000
1.5366, 0.0000, 0.4293, 0.2587, 1.0100, 0.0000, 0.0000, 0.0000, 0.0000, 0.2579, 0.8801, 0.0000
1.2118, 0.0000, 0.3702, 0.0043, 1.0288, 0.0000, 0.0000, 0.0000, 0.0000, 0.2774, 0.9998, 0.0000
0.8236, 0.0000, 0.5025, 0.3835, 0.8196, 0.0000, 0.0000, 0.0000, 0.0000, 0.3909, 1.0507, 0.0000
1.2720, 0.0000, 0.2404, 0.2525, 0.8982, 0.2066, 0.0000, 0.0000, 0.0000, 0.4811, 1.1745, 0.0000
1.2343, 0.1393, 0.6130, 0.6958, 0.9401, 0.0000, 0.0000, 0.0000, 0.0000, 0.2657, 1.1135, 0.0000
1.2434, 0.0000, 0.6815, 0.5856, 1.1153, 0.0000, 0.0000, 0.0000, 0.0000, 0.3907, 1.1736, 0.0000
1.0102, 0.0000, 0.4547, 0.3438, 1.0296, 0.3257, 0.0000, 0.0000, 0.0000, 0.5006, 1.3131, 0.0000
0.9671, 0.0000, 0.9198, 0.3965, 0.9712, 0.0000, 0.0000, 0.0000, 0.0000, 0.3828, 1.1529, 0.0000
1.2206, 0.0000, 0.5673, 0.1168, 0.8878, 0.0000, 0.0000, 0.0000, 0.0000, 0.3524, 0.9137, 0.0000
1.1207, 0.0000, 0.6189, 0.7267, 1.0435, 0.0733, 0.0000, 0.0000, 0.0000, 0.0448, 0.9752, 0.0000
0.9885, 0.0000, 0.7619, 0.4906, 1.0005, 0.0736, 0.0000, 0.0000, 0.0000, 0.3747, 1.2200, 0.0000
1.4238, 0.0000, 0.4176, 0.3814, 1.0822, 0.0859, 0.0000, 0.0000, 0.0000, 0.1129, 0.7598, 0.0000
0.8033, 0.1563, 0.4182, 0.5120, 1.0714, 0.0000, 0.0000, 0.0000, 0.0000, 0.2640, 0.9118, 0.0000
1.1365, 0.0000, 0.7609, 0.5313, 0.8893, 0.0000, 0.0000, 0.0000, 0.0000, 0.2906, 0.9641, 0.0000
0.8242, 0.0000, 0.5444, 0.4704, 0.8352, 0.0000, 0.0000, 0.0000, 0.0000, 0.4268, 1.1488, 0.0000
1.2154, 0.0000, 0.3686, 0.2659, 0.9625, 0.0360, 0.0000, 0.0000, 0.0000, 0.3401, 1.0160, 0.0000
1.0373, 0.0000, 0.5262, 0.4584, 0.9428, 0.0000, 0.0000, 0.0000, 0.0000, 0.4454, 1.1790, 0.0000
1.1201, 0.0000, 0.7668, 0.3669, 1.1439, 0.0000, 0.0000, 0.0000, 0.0000, 0.1889, 0.8614, 0.0000
1.1703, 0.0000, 0.2799, 0.1652, 1.0169, 0.1582, 0.0000, 0.0000, 0.0000, 0.3487, 1.1282, 0.0000
1.0469, 0.0151, 0.5351, 0.4105, 1.0005, 0.0000, 0.0000, 0.0000, 0.0000, 0.2257, 0.9394, 0.0000
1.0307, 0.0000, 0.3123, 0.6583, 0.7811, 0.0000, 0.0000, 0.0000, 0.0000, 0.2803, 0.8240, 0.0000
1.2595, 0.0000, 0.3994, 0.4896, 1.2193, 0.2137, 0.0000, 0.0000, 0.0000, 0.2917, 1.1248, 0.0000
1.1534, 0.0000, 0.4622, 0.4834, 0.9852, 0.0000, 0.0000, 0.0000, 0.0000, 0.2890, 1.0697, 0.0000
0.9289, 0.1213, 0.8569, 0.6329, 0.9128, 0.0000, 0.0000, 0.0000, 0.0000, 0.3931, 1.0875, 0.0000
1.1512, 0.0000, 0.1754, 0.4274, 0.6312, 0.1568, 0.0000, 0.0000, 0.0000, 0.2775, 0.9556, 0.0000
0.9777, 0.0655, 0.4121, 0.5082, 1.2815, 0.2179, 0.0000, 0.0000, 0.0000, 0.1778, 1.0857, 0.0000
0.9099, 0.0831, 0.4912, 0.4709, 1.0645, 0.0426, 0.0000, 0.0000, 0.0000, 0.2895, 1.2420, 0.0000
0.8807, 0.0642, 0.5131, 0.4308, 0.8961, 0.0000, 0.0000, 0.0000, 0.0000, 0.1360, 0.9697, 0.0000
1.1541, 0.0000, 0.4435, 0.2368, 0.9556, 0.0000, 0.0000, 0.0000, 0.0000, 0.3483, 1.1041, 0.0000
1.0782, 0.0000, 0.5680, 0.1247, 1.1373, 0.0000, 0.0000, 0.0000, 0.0000, 0.3565, 1.0280, 0.0000
