0.3543524256481536, 0.4475048408010658, -0.935605590280943, -0.8158767985122487, 0.31697002860399337
-0.8981762351878646, -0.4680546575300568, -0.09638096565472654, 0.8579495702936712, -0.6411757538867902
0.3480565594236631, -0.5672038624986535, -0.04207379219232177, -0.344407825740936, -0.8867371080377379
-0.2838872024622038, -0.4692182822422216, -0.8027366147517638, -0.8899862357626888, 0.39629007095293245
0.626556598757865, 0.4284674283709282, 0.9118569568496926, -0.960052540234854, -0.5294460722303242
-0.9677918962542653
-0.06968751164570919, 0.485396470161493, 0.32506353124546394, -0.6483429048531327, -0.2391401145503006
-0.23606954490239918, -0.06494170585563874, -0.5388579441190479, 0.5000787909283331, 0.24466788606276046
-0.5878494651536962, 0.45244228246632545, 0.3585883024749641, 0.31305889944331855, -0.28098347279824076
0.9502729742363076, 0.029953298029574693, -0.03494355363375157, 0.809449188360108, -0.06433823286437346
0.47270619175329376, 0.9786988189333654, -0.9615691280550915, 0.6221714603093198, -0.5192252709100211
-0.6577045171834668
-0.11786845960762471, -0.8379201420172274, -0.3915251237664039, 0.7523592816867932, -0.0951893516398622
-0.2443442328911951, -0.14587992839425767, -0.4281751507483246, 0.7381598093586259, -0.45157568361317146
-0.6662340176547745, -0.9205975960776358, -0.24488871826883474, 0.5837586980806198, 0.2863746251418182
0.9011169388083371, 0.6424599222516392, -0.8198091273457256, -0.5069891714825274, -0.1423106053224017
0.20408453587032294, -0.6731684252584668, 0.299193217704562, -0.7590885496526325, -0.5346089548818604
-0.3758154342224843
-----
8
-----
-0.6417120217720665, -0.637786401028221, 0.8988192930723251, -0.26253091808949636, -0.7763052798260544, -0.6740432547860324, 0.15229759469995519, 0.2635490427741036, -0.053600664506325946, -0.4289747285821365, 0.761194603949052, -0.023576100922490406
0.6986228448216301, -0.25770699971729094, 0.5925895747223127, -0.30088116327970105, -0.7789491746068554, 0.81905191669543, 0.8956865439746309, -0.45571038697173805, -0.0011690575528583436, -0.8527019195477368, 0.9039449708915956, -0.30370350626378306
0.7535504090647429, -0.60731562928798, -0.255343691167887, 0.8716319423209533, -0.9131103701113872, -0.07064697021099087, 0.8018842876950476, 0.6197904382123678, -0.2093580478537852, -0.22932946825236378, -0.02654819399150521, 0.3406246859846669
0.5809385737146857, 0.5621652593651889, 0.8536709024366171, -0.005820468597316331, -0.6112225530104731, 0.08029495196799341, 0.11235450941940894, 0.9365830513897007, -0.16602343757275628, 0.6538259274054099, 0.09635501622626808, 0.27521876577566395
-0.19756501109196234, -0.15057686754342725, 0.36044922690201253, -0.631073064778805, -0.689991718770276, -0.42879554263316955, -0.49642019401433257, 0.49939838152437965, -0.17525432708371713, 0.40195624042909794, -0.6708383467046667, 0.9507967412239213
-0.030440208781430278, 0.8094363847754971, 0.8310964563676986, 0.39933267657659943, 0.7239020187742473, -0.006083036686654553, 0.5658154264475572, -0.7271833795179937, 0.024996717822317605, 0.10047332848394319, -0.5052907078273767, 0.9375778028338178
-0.8011776660212967, -0.7947388121093623, 0.813203653437466, -0.583989183822462, 0.7058619572934655, 0.8669649125268228, 0.09531280976047984, 0.5475067908762796, 0.7881175538563239, 0.7873688551796405, -0.5134921678865374, -0.14729820920385028
0.6708874526102646, -0.25263218788327946, 0.18112425346946637, 0.45175618576753096, 0.2594709729687663, 0.9781557028665824, 0.4703370492806471, -0.014543065123010734, 0.16509250964754463, -0.14467420541100995, 0.3366711599031409, 0.32617526843519573
-0.8607664551373081, 0.03353061309699168, 0.4956655114994555, 0.1052916149240406, 0.4065734436832933, 0.24287908239871836, -0.33144703993522795, -0.3669039454185852, 0.030892405904053177, -0.13758441090302365, -0.021616695369357397, -0.5044094211926691
-0.23285803970381047, -0.20309466146126975, -0.050576966816328395, -0.3531271409753268, -0.9762602894437722, 0.5209442608339054, 0.18570357100906398, -0.036371424753802284, -0.392964037065039, -0.04099208193917414, 0.9710850304368064, 0.47916507403624364
0.8693376956893424, 0.6593947340849602, 0.9580774360102937, -0.011382076681406228, 0.06703070029534985, -0.8702864549208206, 0.9392257461563944, 0.38492127559093237, -0.2640892718761664, -0.2870005763878516, -0.18213544538211812, -0.6359268675819482
-0.45026683862273187, 0.021097114824049967, 0.17119998513752166, -0.7613726635638474, -0.2841855597660452, 0.4950426842197486, 0.17017669877779307, 0.025154867471268716, 0.14818629954956553, 0.9438232914323861, -0.5469470936582763, -0.8113873327774181
0.566022567601673, 0.33945845691122445, -0.104937730631813, -0.4295670959490734, 0.364254596080398, -0.644136441288971, 0.6786742851976828, 0.5540702660205779, 0.9381678326586818, 0.37464122990583903, -0.34776234282257723, -0.8295479656698642
-0.9531386823614447, 0.8492012162548181, -0.05791106256982326, 0.04159652944087222, 0.3674983500857978, -0.043396692308215745, -0.7777308915595245, 0.9134277067169851, -0.8966096078666385, -0.5067925249726207, -0.3222696979646882, 0.20919343908263488
0.4755712689740099, -0.5588485068533489, -0.4120157940168896, -0.43450892705790267, -0.9840884822682419, -0.0669794414556244, 0.8683704407492383, -0.39910156321187273, 0.32321097152754685, -0.30458709155247743, -0.3298497076758974, -0.19666915739385926
-0.0052527223786315025, -0.471950460899373, -0.042399068674476625, 0.0014878855584756767, -0.23523682260366663, 0.6123880032686524, 0.9201907649168399, -0.9308118146022687, -0.9562951401378288, 0.13498660099987148, 0.0017112524571387677, 0.791709602774213
-0.45354967061530116, 0.7885339104747302, 0.5702086436450247, 0.09906620585439874, -0.6263887239817993, -0.32556255901334663, 0.7642361067325145, 0.26429665534525904, -0.7187262282354014, 0.8426988082026883, 0.47305718696453014, 0.16249963636544806
0.6540707923174989, -0.20630558615789607, 0.9503916257374887, -0.16898835715350924, 0.3396123095777779, -0.5406018224565353, 0.2162634183276031, -0.46191319017641086, 0.9021268481223819, 0.5415946260150517, 0.13757327250602214, -0.5624385474272108
-0.06784509572151531, -0.5438094094592616, -0.8683890893818518, 0.3435224291956047, -0.7063006075400049, 0.4235249240803378, -0.7291641645784084, -0.83654844332666, -0.7260996426448421, -0.04770802224361437, -0.31466666133038745, 0.20352611065229853
0.584144498015581, -0.3590400068064783, -0.10549119079395719, -0.011371418235333275, 0.4488456309505007, -0.7423744470025903, 0.33378131953086254, 0.388995725186416, 0.20395974222284852, -0.31661206004132014, -0.2584777516457263, 0.32674033329967367
-0.8258709511106146, 0.4803837768314547, -0.9675306296943272, -0.17832222619052196, 0.34332067949156864, -0.43201264976101994, -0.502840307352231, 0.09542789814866492, -0.12571492925874628, -0.5623733807308955, -0.7075424737638607, -0.038045891541970356
-0.05032020292815387, 0.5283036237861376, 0.47927245328314605, -0.03747300070082771, 0.8158447174388528, 0.8244298773320982, -0.13098692895929365, 0.20355467945906636, 0.14981591784670978, -0.4224629781760798, 0.23772936926884403, -0.5209078180046727
0.793377855746979, 0.12361773136180898, 0.8784282411819926, 0.9171271132948493, 0.7716557364573444, 0.504696268043352, -0.3883240054511359, -0.4534353445032706, -0.8077815736986474, -0.5393833270826771, -0.8446477649692795, -0.46876901111638225
0.8170163701440416, -0.47012988528547295, -0.9731063590993125, -0.11050280736820395, 0.5991398992234824, 0.9321980417922306, 0.5612799154686747, -0.6747000365446055, 0.2504671285739024, 0.6457122471357135, 0.342757956532725, -0.3470238788172677
-0.09383037884962397, 0.8492344162010821, 0.17399358189839265, 0.10000727453182146, -0.10214847378953618, -0.2309498015469721, 0.052329626219581815, 0.22405603872338986, -0.8244123718426337, 0.39764000182835546, 0.1832715929761679, -0.1413522033494945
-0.7338212222080549, 0.8957617879491651, 0.5261633900755462, 0.9934994815402098, 0.8899384590139856, -0.047282971022709175, -0.937018733985907, 0.24818463127668045, 0.062224878056257316, -0.5177030616801934, 0.19501763977411812, -0.8768435876053763
-0.002301197696923607, -0.34116039869529446, -0.1978625435225262, 0.928095704786323, -0.7630493680464407, -0.3255998415863921, -0.8242936810792132, -0.5921152091856583, -0.38372722406040705, 0.41164215968710205, 0.8492889774389702, 0.44083082026937737
-0.9599909716544847, 0.9655053876050108, -0.5448593134320387, 0.5414274057866046, 0.029678120051696455, 0.7441317801997218, -0.7771453999922732, 0.7037550036921958, 0.4675176828645049, 0.454944471965925, 0.857321799133979, 0.40600835433655846
-0.6391266026006541, -0.3769594603541726, 0.5173202036031714, -0.8880107685928565, -0.1571601651062663, 0.3393510105033841, 0.5480648604772227, -0.855813094234467, 0.06511056335864152, -0.060661737622424994, -0.42275469338904603, 0.03984808807029672
0.9862519302560024, -0.39147966251009103, -0.5137901561217961, -0.6341617783379345, 0.3172312924940992, 0.571422846997838, -0.28503480419907634, -0.0426628491250145, 0.32720079283855563, -0.4071119711858183, 0.46720699079133987, -0.732331153836874
0.4276852506695419, -0.9655878832997925, 0.9598592835778061, -0.762003174171721, 0.4163669500457885, -0.9315748804198452, 0.7530271191917144, 0.14266573832587115, -0.5457114982447717, 0.7872136813767439, 0.21001988570934982, 0.9357180859376719
0.33039346248863355, 0.4495931251166094, 0.8077951997541242, -0.9811544698796687, 0.0242217383845027, 0.8500518315637424, 0.8985726659984068, -0.6098283302112122, -0.610728998366691, 0.9452641877596151, 0.7331257533487985, 0.03628902834544956
-0.8014819555716349, 0.5753712851650916, -0.03231951361882135, -0.01832796692047922, -0.025672908423732044, -0.5308777236922746, 0.5155441604098081, 0.20620409546573804, 0.5721656497205525, -0.5239481354816924, 0.31661328274191547, 0.19999799390504824
-0.09226400843453231, -0.15272915535085252, -0.7660848257492847, -0.6714238416522196, 0.20482883843181154, 0.1040307808696539, 0.7317635378384613, -0.9477679836137375, -0.4054883708768048, -0.7527714622097678, 0.15455982661687329, 0.02075807831924159
0.893019527267308, 0.33763641513930454, -0.7649166683839901, -0.24566345630124242, 0.9573469485640216, 0.6414883847299144, -0.6651594116048396, -0.3947405958000323, 0.04770219046092872, -0.07172407824200766, 0.5977231824315314, -0.9941708752454544
-0.06264927380188923, 0.7588077228227914, -0.9512636617925182, 0.5463804999516946, 0.5227966609631753, -0.5283426976026246, -0.08255066259213406, -0.5718088240858523, -0.505078814465032, 0.05079336769738174, -0.05995585230903777, -0.01725302883824298
0.8128757847996808, -0.24840648739078697, 0.7572384692763752, 0.25125742460602063, 0.804852415037002, -0.8516302796467484, 0.7191503553856895, -0.7986955103296247, -0.811168375896884, -0.35831676542482593, -0.4047901757916764, -0.13007406693307888
-0.10150390220416916, -0.6044300954510633, 0.9045463066867072, 0.6991780497750817, 0.32116255403737637, 0.9546140730944219, -0.3028442341277757, -0.2933528194117707, 0.9565211747868454, -0.17305273465569926, -0.7787522478456353, -0.38816339178738235
0.889714294745884, -0.7007205881606569, 0.8231432920566644, -0.004293700785214183, -0.008922226833063207, 0.5265398474803209, -0.4390775375873808, -0.713961496627641, 0.9531068140834309, 0.8959550783390189, -0.023534934970146026, 0.73812934031778
-0.003652525355652636, 0.8613357710345004, -0.8664309641221624, -0.058766566533827724, -0.3162121165642757, 0.03439875261580316, 0.08744002713170929, 0.3876886915887521, 0.4813789997434408, 0.1495892914759409, 0.20883805620873686, -0.5093185611579616
-0.5674045448971745, -0.2583700627661153, -0.48253064563272163, -0.4275568003488559, -0.5615318573532764, -0.4970406196447812, 0.055010530566762084, 0.8240427728995932, -0.7466626942921838, 0.33816563042586, 0.7271740902609216, 0.563669724235683
-0.0038417865571920284, -0.3860478916335084, -0.7003526962636297, -0.8629975610224654, 0.20249756754051873, 0.4831599381880862, -0.1992806456312851, -0.9329224898856522, -0.5336212716564439, 0.7204476289159181, -0.28647926507331345, -0.6168565647478553
0.18008251249602125, 0.042427631583857206, -0.656659148399718, 0.3000083579802968, 0.7641865352786494, -0.35341316579235316, 0.03025555234993038, 0.9903718162478603, 0.9205517715097065, -0.40345242828310346, 0.9353752853139843, 0.2579796403641257
0.21280842275032175, 0.11803300104333059, -0.20634512681875483, -0.05396275979884102, -0.3718333477158159, -0.118798617935167, -0.17796495189821515, -0.6854357543629556, -0.11906166128323248, 0.3125843274121196, 0.37250434355631645, 0.08488886346995406
0.07182808477644431, -0.02829346273079769, 0.8889278061110526, 0.8623823012130263, -0.3783929389434034, -0.9058165500610552, -0.678905950866461, 0.7540379635805927, 0.4762387979651499, -0.46326568941105384, 0.296644025787858, 0.21444762426194397
0.7052001690799108, 0.21950952178018746, 0.3781906545951248, -0.5880356301716281, 0.23173423773587287, 0.42667236355073257, 0.030635717630653092, 0.3753391649615967, 0.09985754880407804, 0.5226829437215641, 0.2978374872274896, 0.7885045545493192
-0.39016980073007057, 0.30888291772958376, -0.4423060795900611, 0.1537139297400869, -0.9748901323375215, -0.3366885201606167, -0.2000914709066297, -0.793562224881902, -0.736010425618375, 0.836592356799307, -0.9163546729153609, 0.46143746511845496
-0.9937999079494607, -0.517899740281327, 0.7801000224962682, -0.49963263785322576, 0.23106924995563682, 0.37583895060265293, 0.711139108511518, 0.3353142176485213, -0.3142547668771055, -0.06967877863100636, 0.9883312888437215, 0.9143416990859654
0.7461793830293055, -0.9204930548244428, -0.579679807954806, 0.384864872656578, -0.5893453594165903, -0.8958513241583588, -0.19554308637502082, -0.49896274085689807, 0.31203800300145823, -0.7230656275290845, -0.03889175885017193, 0.17150838987682793
-----
-0.09249221196560564, -0.8698593994428054, -0.3049429795784675, -0.5412867376417589, 0.16813757500859605, -0.45963275942293147, -0.8541085692552155, 0.7446280366766262
0.5744151919454461, -0.20815934532414238, -0.22377488984889304, 0.6352690980442717, 0.6319461785028597, 0.43610360422425387, -0.026383503671534858, 0.07664540194282399
0.07133679829181316, 0.37769134905998647, 0.4231129960473867, 0.5103554594267934, -0.8234031724461638, 0.6943311771263811, 0.3337876090641161, -0.6901110482399266
-0.9945425732900629, -0.9180796277552418, 0.2996670723159893, 0.04495148978379748, -0.33095578920337443, 0.3491433559963535, 0.19263583864295608, 0.9697335355982211
0.8336643025846604, 0.08655542602456157, -0.3383089726511871, -0.1464442125488602, -0.2883053297185072, -0.36852318013407026, -0.1702853641615566, -0.9328121590877487
0.9666367307775807, -0.6909867946385702, 0.6684720486719589, -0.005687444460900637, 0.579559501151732, -0.3418735870996651, 0.376136576558433, 0.14919955309610344
-0.6483811452568348, -0.9653612844052529, -0.3285997420237172, 0.6244061396656009, 0.9826137803258015, -0.5406964895253965, 0.12231595813385221, -0.6008352723845316
-0.541627187232418, -0.7330010657900146, 0.6847641828220481, -0.6840742238244601, 0.6665511184952773, 0.01478365184053354, 0.6758959581800237, -0.5264894252918155
0.11238840039369613, -0.2859992143616794, -0.7972824163552392, 0.5519573799497568, 0.8946937688452972, 0.06940815746952511, 0.4321169825194451, -0.453964280738672
-0.30328995922054625, -0.13642660286581754, 0.3610932023087561, -0.5364359096781566, 0.1114087831692594, -0.996604580193904, 0.352203441327823, 0.3379332571387519
-0.32507343613640216, 0.0842678495692879, -0.9312644906331884, -0.37538140485166693, 0.2653131290301953, 0.6935125516851004, -0.09526009459271279, 0.5986362082804226
0.059686659923444685, 0.6696660589222703, -0.4210128592485467, 0.493964959405111, -0.5750721595619626, -0.08991963142882786, 0.4908237547491301, 0.9377373042230182
-0.7393769585459624, 0.8599486758901784, 0.3595562993487029, -0.9224670140033742, -0.7959282419096337, 0.6685214171513079, 0.19712700089760826, 0.9300150326734531