1.3015540838241577, 1.1777342557907104, 1.184604287147522, 1.1927815675735474, 1.1133452653884888
1.238028883934021, 0.9764402508735657, 1.080281376838684, 0.944313645362854, 1.1513159275054932
1.0628275871276855, 1.0539157390594482, 0.6318394541740417, 0.8435878157615662, 0.7730481028556824
0.7762840986251831, 0.6070550680160522, 0.20469310879707336, 0.3760128319263458, -0.02604120783507824
0.6669483184814453, 0.08168740570545197, -0.3221166729927063, -0.2757614850997925, -0.051956210285425186
-0.30615001916885376
-0.2051539421081543, -0.1260175108909607, -0.07644513249397278, -0.03566468879580498, 0.0013404599158093333
-0.10560276359319687, 0.16658154129981995, -0.035382822155952454, -0.011675083078444004, -0.1429971158504486
0.004027369897812605, -0.19146262109279633, -0.01620379649102688, -0.16481462121009827, -0.10151072591543198
0.09087804704904556, 0.0312638133764267, 0.015105636790394783, 0.19748511910438538, -0.12616033852100372
0.017861949279904366, -0.16560472548007965, -0.06132794916629791, -0.21348311007022858, -0.05551275983452797
-0.0531453937292099
0.45022886991500854, 0.20879660546779633, 0.049251992255449295, 0.3716774880886078, 0.4333913028240204
0.6314519643783569, 0.3231511116027832, 0.06294655799865723, 0.06361588835716248, 0.40080228447914124
0.334238201379776, 0.06821060925722122, -0.30200883746147156, -0.245986670255661, -0.13410146534442902
-0.03594581410288811, -0.024582860991358757, -0.4767799973487854, -0.4802817404270172, -0.27867501974105835
-0.4008825123310089, -0.24649199843406677, -0.2365972250699997, -0.4362732768058777, -0.5901327133178711
0.498115599155426
-----
8
-----
-0.06476812064647675, 0.05148471146821976, -0.07428695261478424, -0.3055649697780609, -0.11816966533660889, -0.12419669330120087, -0.11508308351039886, -0.4244602918624878, -0.1871987283229828, 0.06133300065994263, 0.025473985821008682, 0.3999922275543213
-0.21640950441360474, 0.1592414677143097, -0.1378956288099289, 0.09004000574350357, -0.16652454435825348, 0.06930898874998093, 0.1386573165655136, 0.05739136040210724, 0.15255871415138245, 0.08186840265989304, -0.0004492097650654614, 0.12496726214885712
0.14338339865207672, -0.09453599900007248, 0.07080771774053574, -0.4183109998703003, -0.12319404631853104, -0.2942865490913391, -0.038040343672037125, 0.9111254811286926, 0.06176149472594261, -0.30432072281837463, 0.19454699754714966, 0.036796946078538895
0.1527937948703766, -0.18366795778274536, 0.009958603419363499, 0.13277965784072876, -0.09107593446969986, -0.1627999246120453, -0.037385325878858566, -0.08472566306591034, 0.3409411311149597, -0.36617907881736755, 0.22038108110427856, -0.062294017523527145
0.22740687429904938, 0.03903254494071007, 0.3041386604309082, -0.21243219077587128, 0.3044331967830658, -0.13224449753761292, 0.2877369523048401, 0.2309938669204712, 0.0715063139796257, 0.1673026978969574, 0.015076900832355022, 0.020813167095184326
-0.11943720281124115, -0.05220586806535721, 0.21667979657649994, 0.23008987307548523, -0.07374779134988785, -0.03258318081498146, 0.03792771324515343, 0.9299054145812988, -0.6922469735145569, -0.7354010939598083, 0.14577192068099976, -0.0506802536547184
0.1542523056268692, -0.3172309100627899, -0.09224141389131546, 0.40821582078933716, 0.06994118541479111, 0.15004874765872955, -0.03457149118185043, -0.3318738043308258, -0.44958412647247314, -0.16174212098121643, -0.11993125081062317, -0.422349750995636
-0.19280411303043365, -0.035123176872730255, -0.08869566768407822, 0.2201402634382248, 0.1636471152305603, 0.009105710312724113, 0.03408190608024597, -0.11031913757324219, -0.04419472813606262, 0.008920762687921524, -0.11859683692455292, -0.12178479880094528
0.04109169915318489, -0.17091104388237, 0.13445942103862762, -0.5493234992027283, -0.10769345611333847, 0.032975293695926666, -0.043949421495199203, 0.013108053244650364, 0.0619235634803772, -0.24493081867694855, 0.6985353827476501, 0.6029312610626221
-0.22918447852134705, 0.0658140778541565, -0.11078233271837234, -0.08312200009822845, -0.15762117505073547, -0.29738926887512207, 0.07266391068696976, 0.12017150223255157, 0.31673115491867065, -0.0849214494228363, -0.029854821041226387, 0.03493310511112213
0.11492311209440231, 0.2176063358783722, 0.10519446432590485, 0.15444886684417725, -0.011003728955984116, 0.26923924684524536, -0.06664329022169113, 0.3067174553871155, -0.009929025545716286, -0.18681058287620544, 0.17626668512821198, 0.1269625425338745
0.280175119638443, -0.23396192491054535, 0.04635808244347572, 0.25962409377098083, -0.38591498136520386, 0.2295859158039093, 0.03053298033773899, 0.09148456156253815, 0.08088058233261108, -0.1320427507162094, -0.3514328598976135, 0.10708662122488022
-0.2549801766872406, 0.014443478547036648, 0.002654595300555229, 0.20535852015018463, -0.27794232964515686, 0.07324118167161942, -0.23854564130306244, -0.5480340123176575, -0.1366605907678604, 0.33396729826927185, 0.021653737872838974, -0.042568303644657135
-0.1366506814956665, -0.17903152108192444, -0.04625042900443077, -0.3051113486289978, 0.33900898694992065, 0.01614896021783352, -0.13721323013305664, 0.14926066994667053, 0.1264968365430832, 0.08891820162534714, -0.288207083940506, 0.19632253050804138
-0.011309729889035225, 0.07054517418146133, 0.007188625168055296, -0.4842054843902588, 0.02503492310643196, 0.2123754322528839, -0.20745210349559784, 0.49138790369033813, -0.3007482588291168, -0.06354311853647232, 0.2298339605331421, -0.030091017484664917
0.145984947681427, 0.2031596153974533, -0.06489219516515732, -0.10161981731653214, 0.054968785494565964, -0.0004895986639894545, 0.24815182387828827, -0.6748527884483337, 0.5425425171852112, 0.4881707727909088, -0.19514663517475128, -0.055957745760679245
0.19287502765655518, -0.13721907138824463, 0.23581905663013458, 0.1798270046710968, -0.026559075340628624, 0.10452758520841599, 0.04374611750245094, 0.18096666038036346, 0.005224901717156172, 0.028852974995970726, 0.04373877868056297, 0.08663617074489594
-0.16581213474273682, -0.11424198001623154, 0.016132958233356476, -1.020241141319275, 0.03788868710398674, -0.07532075047492981, 0.06227823719382286, 0.7601331472396851, -0.1929936707019806, 0.8115177154541016, 0.15517611801624298, -0.13888214528560638
0.033556610345840454, -0.19027027487754822, -0.08156415820121765, 0.6999654173851013, -0.1001385822892189, -0.343840628862381, -0.1280914694070816, 0.15391209721565247, -0.05119696632027626, -0.3141786456108093, -0.9060717821121216, -0.2603493928909302
-0.11787448823451996, -0.06706096231937408, 0.17432327568531036, -0.3572392165660858, -0.28427788615226746, 0.07251174002885818, 0.042806800454854965, -0.11434534192085266, -0.22473934292793274, 0.2246396690607071, -0.07978825271129608, -0.07732206583023071
-0.3977462351322174, -0.024152709171175957, -0.07500840723514557, 0.4377061128616333, -0.018664728850126266, 0.09751172363758087, 0.10855446755886078, -0.5792888402938843, 0.6876475214958191, -0.46271517872810364, 0.14944621920585632, -0.14260365068912506
0.20578552782535553, -0.0831877589225769, -0.04057418555021286, -0.19465431571006775, 0.2370513677597046, 0.17290227115154266, -0.1981547474861145, 0.026942048221826553, -0.182304248213768, 0.2041095495223999, -0.05709752440452576, 0.20309123396873474
0.24715015292167664, -0.13245360553264618, 0.09604154527187347, 0.14731664955615997, -0.16379988193511963, -0.09338429570198059, -0.255772203207016, -0.005050192587077618, 0.2401861548423767, -0.3599139451980591, 0.09964682161808014, 0.005349643994122744
0.2211327850818634, -0.13529562950134277, 0.2371300905942917, 0.42038238048553467, -0.038503747433423996, 0.34461528062820435, 0.1418977975845337, 0.16888412833213806, 0.2166765332221985, -0.026780584827065468, -0.24468672275543213, -0.3060449957847595
-0.25706321001052856, 0.13202300667762756, 0.047315794974565506, -0.02336343377828598, 0.009715036489069462, -0.19779640436172485, -0.19332656264305115, 0.24469299614429474, 0.28020668029785156, -0.22077548503875732, 0.12390273064374924, -0.10266376286745071
-0.1508171260356903, 0.31915223598480225, -0.062990203499794, 0.006963000167161226, -0.3489381670951843, -0.007392019499093294, -0.28048476576805115, -0.12069807946681976, -0.11662329733371735, 0.23128415644168854, 0.08460577577352524, -0.000048440178943565115
-0.06778161972761154, -0.061409346759319305, 0.1865774393081665, -0.17602790892124176, -0.22606566548347473, -0.07753432542085648, -0.004268369171768427, 0.1887344866991043, -0.2310844212770462, 0.08008138835430145, 0.10825706273317337, -0.012594974599778652
-0.35656771063804626, -0.0074296086095273495, -0.2743540108203888, 0.6485615968704224, -0.045284055173397064, 0.151533842086792, 0.12510010600090027, 0.18502669036388397, 0.44705766439437866, -0.34850820899009705, -0.058765996247529984, 0.46281668543815613
-0.0815369039773941, 0.06808371096849442, -0.09357544779777527, -0.15061317384243011, 0.03518728166818619, 0.27281221747398376, -0.01847224310040474, 0.006594885606318712, 0.15901945531368256, 0.2541846036911011, 0.029640916734933853, -0.2775464355945587
0.24835090339183807, -0.10588492453098297, -0.044472936540842056, 0.8402280807495117, 0.07922434061765671, -0.01138541754335165, 0.37368136644363403, 0.06160005182027817, 0.11169486492872238, -0.8905095458030701, -0.017826145514845848, -0.6377561092376709
-0.03202707692980766, 0.3029523193836212, -0.2693498730659485, 0.028833866119384766, -0.2656134068965912, 0.05538306012749672, -0.15659452974796295, 0.2627706825733185, -0.612610936164856, 0.4501025378704071, -0.12068706750869751, 0.3115979731082916
0.13952185213565826, -0.2632672190666199, 0.20141278207302094, 0.13925138115882874, 0.1655849814414978, -0.020492851734161377, 0.053373418748378754, -0.2340155690908432, -0.029788866639137268, 0.09786875545978546, 0.2889670431613922, -0.04323682188987732
-0.2815774977207184, 0.08880539983510971, 0.1155497282743454, -0.3603496849536896, 0.004844028968364, 0.2517275810241699, -0.13151004910469055, -0.3416256308555603, 0.07226700335741043, 0.12579257786273956, -0.08347789198160172, 0.4308370053768158
-0.05167707800865173, -0.14263048768043518, -0.18478237092494965, 0.12267271429300308, -0.3035585582256317, 0.11088190972805023, -0.03713653236627579, 0.3731074035167694, 0.21826280653476715, 0.17822439968585968, 0.009382445365190506, -0.09252538532018661
-0.06915175169706345, 0.27925142645835876, 0.10183891654014587, 0.23347604274749756, -0.08739779889583588, 0.12181708216667175, 0.003208066103979945, 0.09416209906339645, -0.15483269095420837, -0.026227371767163277, 0.09882820397615433, -0.2567334771156311
-0.011513506062328815, 0.19366595149040222, 0.1222747191786766, 0.6251391768455505, -0.24386584758758545, 0.21636217832565308, 0.2528529465198517, -0.16187343001365662, -0.5046380758285522, 0.5274522304534912, -0.5101565718650818, -0.0038966841530054808
0.21691162884235382, -0.06067584455013275, -0.10585653781890869, -0.16917236149311066, -0.175935298204422, -0.18672412633895874, -0.01692953333258629, 0.13312333822250366, -0.08517801761627197, 0.15396748483181, 0.2759842574596405, -0.08799838274717331
0.101290762424469, -0.13329102098941803, 0.07843823730945587, -0.1917000561952591, -0.1155916154384613, -0.10057977586984634, 0.04515997692942619, -0.1252432018518448, 0.10637424141168594, -0.17748211324214935, 0.1934008002281189, 0.12189026921987534
-0.012245062738656998, -0.04798411577939987, -0.19338656961917877, 0.2918802797794342, 0.2461579144001007, -0.0165358055382967, -0.1377762407064438, -0.11688412725925446, -0.22213536500930786, -0.20375870168209076, 0.13907189667224884, 0.3420674502849579
-0.22022032737731934, -0.08038514107465744, 0.19848927855491638, -0.4911271929740906, -0.058994974941015244, -0.25045740604400635, -0.13422751426696777, 0.15502919256687164, -0.3980365991592407, 0.9438492059707642, 0.15047332644462585, -0.06110421568155289
0.14723236858844757, -0.2639344036579132, -0.21550782024860382, -0.011491666547954082, 0.09597908705472946, -0.0993879958987236, -0.2925732731819153, 0.09185419976711273, 0.1650804877281189, 0.13401088118553162, 0.13597284257411957, 0.19421212375164032
-0.07002751529216766, -0.0698074996471405, -0.07954549044370651, 0.6893278360366821, -0.12134354561567307, -0.013173156417906284, -0.10625521093606949, -0.2527335286140442, -0.3080136179924011, -0.08314530551433563, -0.09743200242519379, 0.18409815430641174
0.133544921875, -0.09925094246864319, -0.08088292181491852, 0.02024952322244644, -0.3066929280757904, 0.08466669917106628, -0.12819284200668335, 0.5764452815055847, 0.020670196041464806, -0.32772600650787354, 0.43749257922172546, -0.17454645037651062
0.2747718393802643, -0.2464124709367752, -0.00504337390884757, 0.13800370693206787, 0.32280561327934265, -0.050336550921201706, 0.2453516125679016, 0.19842275977134705, 0.02065892703831196, 0.06296785920858383, -0.20230412483215332, -0.10530754923820496
-0.13579462468624115, -0.03917330503463745, 0.01943218521773815, -0.22805817425251007, 0.2049843817949295, -0.32007816433906555, -0.15125955641269684, -0.17088933289051056, 0.2334742248058319, 0.18094810843467712, -0.22304177284240723, 0.1340627372264862
0.0713266134262085, -0.05828249454498291, -0.021507365629076958, -0.1557922512292862, 0.05963795632123947, 0.0024769622832536697, 0.029003020375967026, 0.14657223224639893, 0.12162820249795914, -0.19885125756263733, 0.568684458732605, 0.1885875165462494
0.270374059677124, 0.053805217146873474, 0.05692430958151817, -0.22284331917762756, 0.020870769396424294, 0.11608917266130447, -0.06032577529549599, 0.27419233322143555, 0.026675743982195854, 0.0005842159735038877, 0.11482325941324234, -0.13030673563480377
-0.028837954625487328, -0.0872998833656311, -0.059203144162893295, -0.018184853717684746, 0.07755904644727707, 0.03384602442383766, 0.0031880768947303295, -0.048866815865039825, 0.032055020332336426, -0.040497712790966034, 0.33338624238967896, -0.2849256098270416
-0.058890827000141144, -0.04307296499609947, 0.006458312273025513, 0.026864705607295036, -0.047939233481884, -0.0022172462195158005, -0.01701935939490795, 0.09198814630508423, 0.011626558378338814, 0.024219004437327385, 0.00913603138178587, -0.07043129205703735
-----
-0.2521176040172577, 0.10342969000339508, 0.09093555063009262, 0.2577180862426758, 0.3861594796180725, -0.32448428869247437, -0.15806154906749725, -0.1614956259727478
-0.13041909039020538, -0.44096753001213074, -0.14338761568069458, 0.35102832317352295, -0.46124696731567383, 0.5795679092407227, -0.5999078750610352, 0.00874506589025259
0.2525470554828644, -0.12556572258472443, -0.31741079688072205, 0.32168054580688477, 0.47308674454689026, 0.20782381296157837, -0.019879937171936035, -0.08145461231470108
0.8426591753959656, -0.04479644075036049, -1.3738057613372803, -0.38648149371147156, -0.18188029527664185, 0.9593902230262756, 0.5222596526145935, 0.3194664716720581
-0.019474230706691742, -0.10631063580513, 0.18835872411727905, 0.10580334812402725, -0.2764577567577362, -0.5305094718933105, -0.15664023160934448, -0.1750696748495102
0.10533273965120316, 0.49687889218330383, -0.17645379900932312, -0.05510364845395088, 0.008886096999049187, -0.0036597480066120625, 0.5598539710044861, 0.08887791633605957
0.425448477268219, -0.40388983488082886, -0.1384173184633255, 0.036909740418195724, -0.08987150341272354, -0.03380218893289566, 0.294719398021698, 0.4858664274215698
0.04309942200779915, -0.6285108327865601, 0.22549833357334137, 1.0300794839859009, -0.4623211622238159, -0.18762242794036865, -0.7822645306587219, 0.529862642288208
-0.6133620738983154, -0.4730079770088196, 0.05949942395091057, -0.38365018367767334, 0.390279620885849, 0.6908685564994812, 0.32077115774154663, 0.3675735294818878
-0.2607368528842926, 1.0961655378341675, 0.6130133271217346, 0.06366229802370071, -0.06505055725574493, -1.1744235754013062, 0.06268870830535889, -1.502611756324768
-0.18994277715682983, -0.9036281108856201, 0.7880247831344604, -0.14684191346168518, 0.399431973695755, -0.7043037414550781, 0.10579227656126022, 0.6397265195846558
0.14074867963790894, -0.42154648900032043, 0.16788171231746674, 0.01114482618868351, 0.8878481388092041, -0.11350873857736588, -0.9901770353317261, 0.22638435661792755
-0.08679482340812683, 0.12096235156059265, 0.013083795085549355, -0.040344882756471634, -0.09084782749414444, 0.019382422789931297, 0.004875523038208485, 0.13892537355422974