0.6028426289558411, 0.5393444299697876, 0.31616315245628357, 0.2157689779996872, -0.17872510850429535
0.48725026845932007, 0.31872814893722534, 0.26041379570961, -0.1141340360045433, -0.3140563666820526
0.3312244713306427, 0.45936378836631775, 0.18049916625022888, -0.03334863483905792, -0.22761717438697815
0.1952955424785614, 0.23393501341342926, -0.11048275977373123, -0.4966717064380646, -0.5220921635627747
-0.04513783007860184, 0.14221666753292084, 0.04738908261060715, -0.572844386100769, -0.7139790654182434
0.35432568192481995
0.4743577837944031, 0.5028743743896484, 0.2737380266189575, -0.13779443502426147, -0.24246659874916077
0.5864890217781067, 0.08336501568555832, -0.3300335109233856, -0.517486572265625, -0.48977288603782654
0.24815557897090912, -0.16266708076000214, -0.2596076428890228, -0.34216204285621643, -0.15761081874370575
0.31042173504829407, -0.03500290587544441, 0.06919607520103455, -0.12055902183055878, -0.1222710981965065
0.22178813815116882, 0.3225279152393341, -0.24364812672138214, -0.23578771948814392, -0.40320298075675964
0.7085310816764832
0.9243694543838501, 0.8607622981071472, 0.7876313924789429, 0.315139502286911, 0.2856406271457672
0.47159841656684875, 0.30282658338546753, -0.009839716367423534, -0.11040864139795303, -0.16178907454013824
-0.18683190643787384, -0.25155916810035706, -0.45052090287208557, -0.224874809384346, -0.29308760166168213
-0.40517544746398926, -0.5084002017974854, -0.5579707026481628, -0.3873674273490906, -0.2536526918411255
-0.30487197637557983, -0.2919434607028961, -0.22975756227970123, -0.11526184529066086, -0.07952548563480377
0.8509041666984558
-----
8
-----
0.41964665055274963, 0.3809381425380707, -0.3181980848312378, -0.06076449900865555, -0.796114444732666, 0.2722313702106476, 0.2540578246116638, -0.30734458565711975, -0.42450404167175293, 0.27466893196105957, -0.607088565826416, -0.17582368850708008
0.5550907850265503, 0.8784323930740356, -0.07114823907613754, -0.2551397681236267, -0.776512622833252, 0.25783103704452515, 0.2119966745376587, 0.11454576253890991, -0.35103365778923035, -0.5067522525787354, -0.5130999684333801, 0.09841075539588928
0.9271834492683411, 1.0263315439224243, 0.034250348806381226, -0.08024571090936661, -0.7574949264526367, 0.43359896540641785, 0.061143822968006134, -0.438433974981308, -0.4870440363883972, -0.20861825346946716, -0.8007274866104126, 0.09934791922569275
-0.3065776526927948, 0.1790335476398468, 0.1798321008682251, -0.13320156931877136, 0.5100662708282471, 0.06364727020263672, -0.03365638852119446, -0.25701430439949036, 0.9873195886611938, -0.1684294492006302, -0.3079623878002167, 0.25098729133605957
0.13251511752605438, 0.5529406070709229, -0.09276842325925827, 0.2964281141757965, -0.22950983047485352, 0.1654215306043625, -0.19421221315860748, -0.5595019459724426, 0.897417426109314, -0.05923370271921158, -0.6186374425888062, 0.04828999564051628
0.4285068213939667, 0.523567795753479, -0.16597802937030792, 0.0032300094608217478, 0.5542508959770203, -0.5757957100868225, -0.08288745582103729, -0.17658238112926483, 0.05760510638356209, -0.9372856020927429, -0.5840484499931335, -0.06501790881156921
-0.1292009949684143, 0.11754678934812546, 0.04202273115515709, -0.0639251172542572, 0.3699285387992859, -0.24585691094398499, -0.15196621417999268, 0.32944002747535706, 0.10053219646215439, 0.41659533977508545, 0.23989976942539215, 0.18643854558467865
-0.09538295120000839, 0.2099718600511551, -0.13451038300991058, -0.008707722648978233, -0.06293923407793045, -0.07003460824489594, 0.049242254346609116, -0.2178005874156952, 0.022686097770929337, -0.2520737946033478, 0.22038869559764862, -0.04619302973151207
0.15497618913650513, 0.6971403360366821, -0.18862716853618622, -0.004485018085688353, 0.27993011474609375, -0.16964316368103027, -0.2860957086086273, -0.7624543905258179, 0.581291913986206, -0.18010908365249634, -0.43481019139289856, -0.09721321612596512
-0.21446844935417175, 0.6986831426620483, 0.0777781531214714, -0.29540690779685974, -0.08853069692850113, 0.14746232330799103, -0.32658448815345764, 0.17947152256965637, 0.10999828577041626, -0.10635887831449509, 0.05220337212085724, -0.03670278191566467
-0.32221719622612, 0.1683138906955719, 0.05352012440562248, 0.13279952108860016, -0.2881893515586853, -0.1332917958498001, -0.059730954468250275, 0.5503758192062378, 0.15641500055789948, -0.08699557185173035, 0.42650559544563293, 0.16618718206882477
-0.23320432007312775, 0.1974073201417923, 0.11633152514696121, 0.09614971280097961, -0.1495954841375351, -0.24294906854629517, 0.32986587285995483, 0.7619106769561768, -0.15081998705863953, -0.09318091720342636, 0.572996973991394, -0.0549890510737896
-0.15394672751426697, 0.20496590435504913, -0.16469159722328186, -0.0875505656003952, 0.18605636060237885, -0.6427983045578003, -0.05920979008078575, 0.5537486672401428, -0.069989874958992, 0.5061051845550537, 0.46614640951156616, -0.056761398911476135
0.03898107260465622, 0.4437847137451172, -0.1206921711564064, -0.15264222025871277, -0.2599118649959564, -0.681174635887146, -0.2250468134880066, 0.1553560197353363, 0.1904192566871643, -0.3706800937652588, 0.349721759557724, -0.13083814084529877
0.11531054973602295, 0.6910481452941895, 0.1516336351633072, 0.24408181011676788, -0.7959903478622437, -0.4483298063278198, -0.04133184626698494, -0.15893299877643585, 0.49529239535331726, -0.4057043790817261, -0.02170165628194809, -0.2972968518733978
-0.13518665730953217, 0.26978784799575806, -0.06474799662828445, 0.09801226109266281, 0.1300945281982422, -0.570464015007019, -0.048682522028684616, -0.009997926652431488, 0.6034220457077026, 0.4457567036151886, -0.3012760281562805, -0.23449614644050598
0.38169625401496887, 0.3660971224308014, -0.02445179969072342, -0.19131571054458618, 0.20489436388015747, -0.402956485748291, 0.03535494580864906, 0.25521746277809143, 0.6726678013801575, 0.22096240520477295, -0.36543962359428406, -0.14316068589687347
0.31781095266342163, -0.007998159155249596, 0.05657431110739708, 0.3060292601585388, -0.021310439333319664, -0.8093460202217102, -0.195959210395813, 0.5264331102371216, 0.8550794124603271, 0.5144412517547607, -0.009073231369256973, -0.28290364146232605
-0.6733435392379761, 0.029816510155797005, 0.09910205751657486, -0.1032298132777214, -0.4962961971759796, 0.6068556904792786, -0.10997160524129868, 0.35276734828948975, -0.018313029780983925, -0.31183311343193054, 0.4262451231479645, -0.17255114018917084
-0.8275761008262634, -0.21904228627681732, -0.1984584480524063, 0.009582402184605598, -0.8000576496124268, 0.5235037803649902, 0.016387419775128365, -0.11304697394371033, 0.5842282772064209, -0.29591071605682373, 0.48273664712905884, 0.020324166864156723
-0.8633056879043579, 0.16906847059726715, 0.15581290423870087, -0.17697207629680634, -0.5815778374671936, 0.09907998144626617, -0.37650442123413086, 0.6707839965820312, -0.13050639629364014, -0.2836204469203949, 0.3113217055797577, 0.14874054491519928
0.10636501014232635, 0.3735921382904053, 0.2206808626651764, 0.12764813005924225, 0.30992311239242554, 0.35574454069137573, 0.009105443023145199, -0.4147670269012451, 0.21534018218517303, -0.03114582784473896, 0.2853785753250122, -0.04039264842867851
-0.073857381939888, 0.30041152238845825, -0.14407068490982056, -0.030451325699687004, 0.03595837578177452, 0.021250039339065552, -0.17678044736385345, 0.37418580055236816, 0.5082569718360901, -0.2584264278411865, 0.17677077651023865, -0.13722191751003265
-0.42758074402809143, 0.21102306246757507, -0.07422710955142975, -0.22845427691936493, -0.2488519251346588, 0.1224241629242897, -0.21034929156303406, 0.14719009399414062, 0.8851230144500732, -0.4630364775657654, 0.5870552062988281, -0.07803463935852051
-0.30253055691719055, -0.36886200308799744, 0.09791810065507889, -0.1546492576599121, 0.4999583959579468, 0.20475848019123077, -0.030618151649832726, 0.22741913795471191, -0.2969703674316406, 0.47517940402030945, -0.0922592356801033, 0.028175069019198418
-0.3096609115600586, -0.6134405732154846, -0.00006121391197666526, -0.2053994983434677, 0.19843921065330505, -0.06885798275470734, 0.07867347449064255, -0.01650400273501873, 0.4284282922744751, 0.7302829027175903, -0.1494939774274826, 0.14891257882118225
-0.49587228894233704, -0.5688928961753845, -0.11514093726873398, 0.2371027171611786, -0.12288005650043488, -0.3246401846408844, 0.03404802829027176, -0.3115383982658386, 0.7636273503303528, 0.44049254059791565, -0.2797369956970215, 0.13143277168273926
0.41625821590423584, 0.10891469568014145, 0.15099596977233887, -0.12954828143119812, 0.20220765471458435, 0.39624759554862976, 0.1250862032175064, 0.006020385306328535, -0.7748008370399475, 0.22493375837802887, 0.41234907507896423, -0.1003650575876236
0.12350033968687057, -0.3832380771636963, -0.17966338992118835, 0.024724705144762993, 0.32861319184303284, 0.36103084683418274, 0.020069601014256477, 0.3984498083591461, -0.362000048160553, 0.7990139722824097, 0.6168436408042908, 0.10592202842235565
-0.8348594903945923, -0.29476821422576904, 0.14621907472610474, 0.15553303062915802, 0.07114716619253159, 0.904184103012085, 0.07401472330093384, -0.1701391488313675, -0.4807112514972687, 0.3053174912929535, 0.3975607454776764, -0.10337813198566437
0.3323971629142761, -0.546779990196228, -0.0485416017472744, 0.09850581735372543, -0.5894409418106079, 0.7182361483573914, 0.14299769699573517, -0.15695737302303314, 0.46526479721069336, 0.47577059268951416, 0.2335333526134491, -0.15168192982673645
-0.19636569917201996, -0.5639927983283997, -0.20123907923698425, 0.09444786608219147, 0.17877314984798431, 0.8946176767349243, -0.035654664039611816, -0.4448329210281372, 0.633751630783081, -0.16278240084648132, 0.2227669507265091, -0.2688131630420685
0.08302535861730576, -0.30780571699142456, 0.08403187245130539, -0.02248433604836464, -0.3519250154495239, 0.9469038248062134, -0.05204280838370323, -0.7625584602355957, 0.4993225336074829, -0.43243494629859924, 0.992740273475647, -0.014479723758995533
0.06219618767499924, 0.24641235172748566, 0.12600077688694, 0.13737307488918304, -0.05453808978199959, 0.12960395216941833, -0.22592966258525848, 0.04177671670913696, -0.1700822412967682, -0.12077023088932037, -0.13195841014385223, -0.23745578527450562
0.052412357181310654, -0.10591112822294235, -0.09916729480028152, -0.11939211189746857, 0.13447296619415283, -0.023872939869761467, -0.3391522169113159, 0.17639881372451782, 0.2843516170978546, 0.4255031645298004, 0.15469327569007874, 0.07539129257202148
0.7024363875389099, -0.6881865859031677, -0.01271791011095047, -0.10398072004318237, 0.1402987241744995, 0.5201922059059143, 0.2924107611179352, -0.8486365675926208, 0.3164677619934082, 0.413758784532547, 0.7027748823165894, 0.2780933976173401
0.14039106667041779, 0.3288288712501526, -0.19847333431243896, -0.0522892139852047, 0.36433207988739014, 0.20981518924236298, 0.16457222402095795, 0.12720486521720886, -0.37029409408569336, 0.31616953015327454, -0.04058877006173134, 0.026191340759396553
-0.08435280621051788, -0.28914767503738403, 0.19162243604660034, 0.23371455073356628, 0.9836353659629822, -0.12533746659755707, -0.1445370763540268, 0.22515633702278137, -0.8633827567100525, 0.24248409271240234, -0.5920928716659546, -0.04728034883737564
0.28454461693763733, 0.2479671686887741, -0.1985446661710739, -0.12122450768947601, 1.1035245656967163, -0.24970734119415283, -0.011477201245725155, 0.6539772152900696, -0.817112386226654, -0.14439652860164642, -0.8087158203125, 0.0909586250782013
0.46152517199516296, 0.0009406589670106769, -0.30131667852401733, 0.02422202005982399, 0.014944231137633324, 0.16333772242069244, -0.013329748995602131, 0.17063143849372864, 0.526911735534668, 0.25410836935043335, 0.10479588806629181, 0.2914581000804901
0.5674760341644287, 0.1317354291677475, -0.24073369801044464, -0.1987123191356659, 0.2787717878818512, -0.6135892271995544, -0.02690301090478897, 0.20468120276927948, -0.09547178447246552, 0.127054363489151, -0.31297439336776733, -0.14483097195625305
0.3610314428806305, 0.09272641688585281, -0.22198329865932465, 0.19797015190124512, 0.9091036915779114, -0.2976307272911072, 0.07697997987270355, 0.8233783841133118, -0.13511812686920166, 0.5844242572784424, -0.5499138236045837, -0.07812239974737167
0.2486821562051773, 0.41595929861068726, -0.3896561563014984, 0.07880080491304398, -0.030821487307548523, 0.2940833568572998, -0.10576661676168442, -0.1021256297826767, -0.16552430391311646, -0.24350734055042267, 0.04669738933444023, -0.2979845106601715
0.7429216504096985, -0.6193199157714844, 0.10914415866136551, 0.10224847495555878, -0.09617495536804199, 0.22175335884094238, 0.09789890795946121, 0.03375905752182007, 0.2681661546230316, 0.33835041522979736, 0.6370853185653687, -0.2010992467403412
0.6578727960586548, 0.03989383205771446, 0.027735574170947075, -0.14204905927181244, -0.04692913219332695, 0.04628230631351471, -0.18232642114162445, -0.01865527592599392, 0.31396591663360596, 0.4626309275627136, 0.6313429474830627, 0.06033717468380928
0.33781880140304565, 0.7132169604301453, 0.13576485216617584, -0.23499739170074463, 0.13795386254787445, -0.08995147049427032, -0.061635080724954605, 0.3878360390663147, 0.14820320904254913, -0.27852022647857666, 0.1582014113664627, 0.21593256294727325
-0.09179135411977768, 0.4184408187866211, 0.12131291627883911, -0.18169982731342316, 0.13588176667690277, 0.300885409116745, 0.26700717210769653, -0.28204068541526794, 0.11446954309940338, -0.0701264962553978, 0.0625620186328888, -0.2380029708147049
0.5226105451583862, -0.14354656636714935, -0.06392841786146164, -0.2304038405418396, 0.3967626094818115, -0.15988627076148987, 0.0004056242760270834, 0.3854641616344452, 0.2751305103302002, 0.469827264547348, 0.7160089612007141, 0.02009785920381546
0.09659599512815475, 0.3660198748111725, -0.16443151235580444, -0.12779048085212708, 0.05350150913000107, 0.14831817150115967, -0.07501320540904999, 0.028722165152430534, -0.008246107958257198, 0.048463545739650726, 0.1849059760570526, -0.0990038514137268
-----
0.1355542689561844, 0.9577031135559082, 0.756941020488739, 0.15601865947246552, -1.1150645017623901, -0.0758485421538353, -0.9851443767547607, -0.7931607365608215
-0.8522453308105469, -0.940563976764679, 0.608165442943573, 0.01413627341389656, -0.6658863425254822, 0.16375203430652618, -0.0975692942738533, -0.6752776503562927
0.17035996913909912, -0.12116212397813797, -0.3756825029850006, 0.0037507268134504557, -0.5629387497901917, 0.058069780468940735, -0.4652033746242523, -0.11686158925294876
-0.07408053427934647, -0.10158895701169968, -0.1543472558259964, -0.1003594845533371, 0.3269231617450714, -0.03989912569522858, 0.15368258953094482, 0.07230739295482635
0.7493855357170105, -0.2966933846473694, -1.3494294881820679, 0.8900715112686157, 0.24320539832115173, 0.3842586874961853, -0.9429267048835754, -1.4349545240402222
-0.8634957075119019, -0.2960972785949707, -0.08352076262235641, -0.6320314407348633, 0.9971851706504822, -0.5629827976226807, -1.0034255981445312, 0.7299975156784058
-0.11226088553667068, -0.5687503218650818, 0.052602142095565796, 0.16095660626888275, 0.14259515702724457, 0.38851162791252136, -0.3971051275730133, 0.2782890200614929
-0.224434033036232, -0.49676311016082764, -0.43550339341163635, 0.5673332810401917, -0.4548020660877228, -0.43720582127571106, 0.8180500268936157, -0.8612403273582458
0.4635695219039917, 0.010461374185979366, -0.24994872510433197, -1.0033698081970215, -1.2351340055465698, 0.9000340700149536, 0.23055817186832428, 1.118682622909546
0.9860987067222595, 0.46523338556289673, -0.8287304043769836, -0.6079948544502258, 0.2588397264480591, -1.551259160041809, -0.12478708475828171, -0.4580187499523163
-1.3142225742340088, 0.6555871367454529, -1.2587593793869019, -0.693054735660553, 0.5377501845359802, -0.1392056941986084, 0.24402333796024323, 0.563199520111084
-0.3711880147457123, -0.5873456001281738, 0.03132032975554466, -0.26845744252204895, -0.20261704921722412, -0.32185065746307373, 0.12947507202625275, -0.14914849400520325
-0.07055998593568802, -0.3096981644630432, 0.2808518409729004, 0.04092144966125488, 0.05997034162282944, -0.006729186046868563, 0.04803314059972763, 0.12541420757770538