0.22813279926776886, 0.08046754449605942, 0.0012434670934453607, -0.023553261533379555, -0.1564023643732071
0.14269934594631195, -0.11815503239631653, -0.12692292034626007, -0.0936858206987381, -0.28265127539634705
0.0002804430259857327, -0.029715200886130333, -0.026237504556775093, -0.15720973908901215, -0.22788935899734497
-0.20846743881702423, -0.08007302135229111, -0.12266922742128372, 0.08293405175209045, -0.13953818380832672
-0.08995550870895386, -0.1527954638004303, -0.03701455146074295, -0.0941748097538948, -0.19909663498401642
-0.03780128061771393
0.1259976178407669, 0.13897526264190674, -0.21320801973342896, -0.3131462633609772, 0.43132761120796204
0.33035802841186523, -0.08671407401561737, -0.5221192240715027, -0.684546172618866, 0.11691906303167343
0.6196367144584656, 0.23237344622612, -0.3378937542438507, -0.6579285860061646, 0.0438118651509285
0.6663554906845093, 0.43770936131477356, -0.18451544642448425, -0.8723289370536804, -0.3657626509666443
0.7850474715232849, 0.6709359884262085, -0.4067113399505615, -0.9846940040588379, -0.3327805697917938
1.3171066045761108
1.0000312328338623, 0.5209020376205444, -0.46514999866485596, -0.7521335482597351, -0.19299745559692383
0.6647629737854004, 0.5691980123519897, -0.606596827507019, -0.8918927311897278, -0.20905902981758118
0.9606139063835144, 0.3456672430038452, -0.2304297685623169, -0.7819197773933411, -0.2226695865392685
0.5716583728790283, 0.5211391448974609, -0.19103750586509705, -0.8480502367019653, -0.3835018575191498
0.701384961605072, 0.5120463371276855, -0.29728665947914124, -0.7562121748924255, -0.2280336171388626
0.6883595585823059
-----
8
-----
0.17422033846378326, -0.08532848954200745, -0.29348498582839966, 0.06314187496900558, 0.17763227224349976, 0.11798585951328278, 0.31314966082572937, 0.08991314470767975, -0.07202442735433578, 0.10357082635164261, 0.17423325777053833, -0.070093534886837
0.2158297449350357, 0.029677553102374077, 0.20894458889961243, -0.6523176431655884, 0.32699665427207947, 1.010918378829956, 1.1647669076919556, 0.94904625415802, -0.14675919711589813, -0.2068527340888977, -0.2905697822570801, -0.0320882610976696
-0.26336750388145447, -0.18155552446842194, 0.08598494529724121, -0.6282645463943481, -0.041577234864234924, 1.02010977268219, 0.7793090343475342, 1.0593231916427612, 0.12043093889951706, -0.2331772744655609, -0.3477132022380829, -0.3409045934677124
0.21225717663764954, -0.06345829367637634, 0.19437818229198456, 0.04524846374988556, 0.26766273379325867, 0.041975151747465134, 0.10519599169492722, -0.14361423254013062, -0.1740589737892151, 0.07872162759304047, -0.22753113508224487, 0.017718825489282608
-0.03100898675620556, -0.0005210216622799635, -0.12127017974853516, 0.37390145659446716, -0.02934345416724682, -0.7785577178001404, 0.9431518912315369, -0.07595422118902206, 0.22659359872341156, 0.290561705827713, 0.8122245073318481, 0.046537213027477264
0.17610079050064087, -0.21932895481586456, 0.06061377003788948, 0.5151222348213196, -0.09417074918746948, -0.8191044330596924, 0.7185291647911072, -0.35932400822639465, 0.27827781438827515, 0.12872686982154846, 0.8713988065719604, 0.07988403737545013
0.04044010490179062, 0.2617718279361725, 0.0036527265328913927, -0.1636306345462799, -0.0077987234108150005, 0.2827318012714386, -0.4101835787296295, 0.2637401521205902, -0.1698828488588333, -0.12662099301815033, -0.3571068346500397, 0.13559766113758087
-0.5626813173294067, 0.20888158679008484, -0.14125585556030273, 0.7685034871101379, 0.33341750502586365, -0.9065524935722351, -0.24451032280921936, 0.45533695816993713, -0.06769032031297684, -0.2089850753545761, 0.17981107532978058, -0.31086546182632446
-0.07324380427598953, -0.23901697993278503, 0.18262992799282074, 0.728833794593811, 0.19471079111099243, -0.8299661874771118, -0.682638943195343, 0.5628528594970703, -0.18415506184101105, 0.016047880053520203, -0.46072837710380554, -0.11911501735448837
-0.05506626516580582, 0.10192681849002838, 0.3009819984436035, -0.20721827447414398, 0.17789427936077118, 0.16854353249073029, 0.24688918888568878, 0.06950803101062775, 0.23748956620693207, 0.34717488288879395, 0.04254423454403877, 0.14924633502960205
-0.27623558044433594, 0.029447004199028015, 0.3615846037864685, 0.3972013294696808, -0.2549697160720825, 0.00411192188039422, 0.24970674514770508, -0.36856767535209656, -0.21308006346225739, 0.14893004298210144, 0.4990503191947937, 0.15099945664405823
0.29560402035713196, -0.13011401891708374, -0.11890464276075363, 0.3796375095844269, 0.06489867717027664, 0.2526486814022064, 0.4943505525588989, 0.5916265845298767, -0.10707996785640717, 0.13262222707271576, -0.10897611081600189, -0.027092058211565018
-0.05203278735280037, 0.003231142181903124, -0.1492077261209488, -0.090055912733078, 0.2806394696235657, -0.1123504713177681, -0.12601442635059357, 0.11952415108680725, -0.11036410182714462, -0.3562847077846527, -0.1091911643743515, 0.11674793809652328
0.6855062246322632, -0.19707003235816956, 0.07709245383739471, -0.1538354456424713, -0.062480583786964417, 1.1476330757141113, 1.1163312196731567, 0.09592760354280472, -0.09665020555257797, -0.08312556147575378, -0.32082512974739075, -0.21857713162899017
0.960587203502655, -0.1877174824476242, -0.12711116671562195, -0.40524983406066895, 0.03547045215964317, 1.4798306226730347, 0.796960711479187, 1.005020260810852, -0.1304583102464676, -0.2669714391231537, -0.16580413281917572, -0.03046335279941559
-0.2097965031862259, 0.02175983600318432, 0.04886935278773308, -0.03191080316901207, 0.11396671831607819, -0.32015588879585266, -0.002170577412471175, -0.012984688393771648, 0.3433685600757599, 0.18300729990005493, -0.05883409455418587, -0.15679693222045898
0.12932711839675903, -0.0268933717161417, -0.15681365132331848, 0.5945926904678345, -0.13051484525203705, -0.014729879796504974, 0.2267528474330902, -0.09360839426517487, -0.03925308212637901, 0.29548245668411255, 0.6370025277137756, 0.0751183032989502
-0.05872846394777298, -0.16852207481861115, -0.05153346806764603, 0.8613955974578857, -0.2669275403022766, -0.5479113459587097, 0.32654717564582825, -0.41259339451789856, -0.3240109086036682, 0.078390933573246, 0.2148417830467224, 0.011149979196488857
-0.09371764212846756, 0.3199949264526367, -0.2808610796928406, 0.14585359394550323, -0.27747997641563416, 0.3305581212043762, -0.019074205309152603, 0.14464057981967926, -0.07704613357782364, -0.04009880870580673, -0.17112910747528076, -0.02059498243033886
-0.2464200258255005, -0.15546366572380066, 0.10418501496315002, 0.2105613499879837, -0.028147507458925247, 0.30861547589302063, 0.6097673773765564, 0.5249612927436829, 0.13576392829418182, -0.3157635033130646, 1.4877724647521973, -0.06992490589618683
-0.564849317073822, 0.05605730041861534, -0.21553894877433777, -0.12057390064001083, -0.11113898456096649, 0.9509828090667725, 0.08677288144826889, 0.5969616174697876, 0.006454993039369583, 0.2919853925704956, 1.0476595163345337, -0.046756841242313385
-0.0981401801109314, 0.05820867791771889, 0.143282949924469, -0.025785299018025398, 0.2062157243490219, 0.16327084600925446, 0.16614842414855957, -0.0012835465604439378, -0.11986052244901657, -0.3601345419883728, 0.07293336093425751, 0.05767841264605522
-0.18846842646598816, -0.16534554958343506, -0.2771151661872864, 0.051609594374895096, -0.1925887167453766, 0.13813328742980957, -0.08564095944166183, 0.968507707118988, -0.07284677773714066, -0.023217666894197464, 0.8109933733940125, -0.11436767876148224
-0.1679481863975525, -0.0903688296675682, -0.144095316529274, 0.2954537570476532, 0.2663969099521637, 0.25581300258636475, 0.46853506565093994, 0.9204254746437073, -0.18830770254135132, -0.040203649550676346, 0.8468950390815735, -0.21571649610996246
0.35249748826026917, 0.02255180850625038, -0.30498093366622925, 0.28328534960746765, -0.014515320770442486, -0.12105830013751984, 0.1801575869321823, -0.03131191059947014, 0.22918912768363953, -0.10947861522436142, 0.005388693418353796, -0.3026910126209259
1.25969398021698, 0.09451739490032196, 0.015296527184545994, 0.43938931822776794, 0.30407458543777466, -0.19940578937530518, 0.45524144172668457, -0.180681511759758, -0.10752076655626297, -0.20320525765419006, -0.8145049214363098, 0.2159527689218521
1.0948208570480347, 0.259075790643692, 0.04590018093585968, 0.0956629291176796, -0.18660804629325867, -0.02281511016190052, 1.0168930292129517, -0.9032676815986633, -0.12625202536582947, -0.03933027386665344, -0.3256336748600006, -0.09772702306509018
-0.07649396359920502, -0.1346714198589325, -0.22457504272460938, 0.08645046502351761, 0.23663967847824097, -0.218454048037529, -0.048214416950941086, 0.011436046101152897, 0.09178818017244339, -0.11196362227201462, 0.17481528222560883, 0.12712708115577698
-0.02610967308282852, -0.14193031191825867, -0.12660901248455048, 0.5015857815742493, -0.15748853981494904, 0.5410690903663635, -0.28285732865333557, -0.36744269728660583, -0.15241485834121704, -0.1279761642217636, -0.8336149454116821, -0.41156965494155884
-0.2636955976486206, -0.3106950521469116, 0.05634312704205513, 1.0649129152297974, -0.20590639114379883, 0.5638771057128906, -0.6538036465644836, -0.42060911655426025, -0.06336560100317001, -0.1102704182267189, -0.21494071185588837, -0.1325010508298874
0.0456896610558033, -0.08301986008882523, 0.16434679925441742, -0.2020299881696701, 0.15065817534923553, -0.21316516399383545, 0.2490329146385193, 0.04535185545682907, -0.14715437591075897, -0.024615325033664703, -0.10868334025144577, 0.06577412784099579
0.15452063083648682, 0.058175284415483475, 0.08376172184944153, 0.6280192732810974, -0.09326950460672379, 0.3546217381954193, -0.6483933329582214, -0.07952544838190079, -0.06822527945041656, -0.09071935713291168, -0.2242477685213089, -0.05241333320736885
-0.5244722962379456, -0.009161079302430153, -0.08558008074760437, 0.6710540056228638, -0.07823194563388824, 0.1547238677740097, -0.35465651750564575, -0.17962846159934998, -0.057546380907297134, 0.10519062727689743, 0.4488855302333832, 0.0021805353462696075
0.30633360147476196, 0.0721556693315506, 0.2498965710401535, -0.05148233845829964, -0.21575072407722473, 0.09592537581920624, 0.23197951912879944, -0.07921096682548523, 0.08203752338886261, -0.2477799952030182, 0.20833072066307068, -0.19451621174812317
0.24769921600818634, -0.12005387246608734, -0.06157663092017174, 0.1820712387561798, -0.1368127167224884, -0.04866240546107292, -0.5326879024505615, 1.010555386543274, -0.08833424746990204, 0.04010291397571564, 0.18921923637390137, -0.17852488160133362
0.8450549244880676, -0.020174220204353333, -0.03784358873963356, 0.06942784786224365, 0.04486061632633209, 0.9100551605224609, -0.7467228770256042, 1.5057549476623535, 0.21873699128627777, -0.13621512055397034, -0.6758043169975281, 0.14113928377628326
0.06694606691598892, 0.15739598870277405, -0.12572456896305084, 0.20582526922225952, -0.20095308125019073, -0.17729772627353668, 0.0017080710968002677, -0.18147994577884674, -0.10433375090360641, 0.10915959626436234, 0.05635703355073929, 0.3578915596008301
0.28966063261032104, -0.21030783653259277, -0.03987020254135132, 0.4981514513492584, 0.2359146624803543, -0.3989274799823761, 0.3947829306125641, -0.31731557846069336, -0.09096275269985199, 0.0022223913110792637, 0.24980631470680237, 0.07625013589859009
0.35887327790260315, 0.07164233177900314, -0.029655728489160538, 0.5295880436897278, 0.2185741364955902, -0.6536241173744202, 0.2687901556491852, -0.33635056018829346, 0.038291990756988525, -0.008156048133969307, 0.3124513328075409, -0.17628057301044464
0.1989361196756363, -0.32352694869041443, 0.04426160827279091, -0.35491177439689636, -0.21072912216186523, -0.27043092250823975, 0.028407877311110497, 0.011426987126469612, -0.19580614566802979, -0.09912192821502686, -0.1536468267440796, 0.07024481147527695
-0.7188987135887146, 0.018534624949097633, 0.09776917845010757, 0.5656012892723083, 0.14951080083847046, 0.007501873653382063, -0.3930588662624359, -0.24099348485469818, 0.2553193271160126, -0.10478642582893372, -0.01659567467868328, 0.00536080077290535
-0.45476973056793213, -0.2086223065853119, 0.032687876373529434, 0.41170433163642883, 0.08944617211818695, 0.13370202481746674, -0.2909005284309387, 0.06416963785886765, -0.020058738067746162, 0.0023607469629496336, -0.14958630502223969, 0.31666886806488037
0.27102717757225037, -0.19124795496463776, -0.14442825317382812, -0.02058565616607666, -0.061500899493694305, -0.3569287657737732, -0.1650591492652893, 0.04138999432325363, 0.07838220149278641, 0.005865412298589945, -0.00033061657450161874, -0.0904843807220459
0.8909664750099182, -0.13969364762306213, -0.15258663892745972, 0.24989481270313263, 0.16995076835155487, 1.1774522066116333, 0.761660635471344, -0.34785977005958557, 0.10622172802686691, -0.004087414592504501, -0.9364922642707825, -0.24847222864627838
0.3234659433364868, 0.08829358220100403, -0.10211429744958878, 0.27646738290786743, -0.1687566637992859, 1.1113795042037964, 0.5089753866195679, -0.574390172958374, 0.05233609303832054, -0.23644697666168213, -0.5894593000411987, 0.10848500579595566
-0.04840478673577309, -0.2631717026233673, 0.1674918681383133, -0.07466934621334076, -0.17445510625839233, -0.05668758600950241, -0.19350633025169373, 0.2854454815387726, -0.1710829883813858, -0.027664339169859886, 0.030269531533122063, -0.007145307958126068
-0.006148530635982752, -0.27386465668678284, 0.01824663206934929, 0.7735520005226135, 0.0457799918949604, -0.6454125046730042, 0.275488018989563, -0.7476930618286133, 0.20010660588741302, -0.05520467460155487, 0.8987280130386353, -0.09531200677156448
0.11689002066850662, -0.1319502592086792, 0.06440196186304092, 0.6198970675468445, 0.08475497364997864, -0.7708985805511475, -0.0321163684129715, -0.1400013566017151, 0.04693784564733505, -0.3324775695800781, 0.5449941158294678, -0.016038803383708
0.013664125464856625, 0, -0.03238144516944885, 0.4458627700805664, -0.026020472869277, 0.17600244283676147, 0.2630874514579773, 0.17160969972610474, -0.03342615067958832, -0.10274472832679749, 0.1941356360912323, -0.10309351235628128
-----
0.8768588900566101, -1.163716197013855, -0.05416816473007202, -0.8260989785194397, 0.3008866012096405, 0.6371892094612122, -0.26733750104904175, 0.1555752158164978
0.05058179423213005, -0.1981913149356842, 0.2189248651266098, -0.26131129264831543, 0.1973118633031845, -0.21647565066814423, -0.15966753661632538, 0.14571726322174072
0.0531635545194149, -0.1153605505824089, 0.43675360083580017, 0.05937749519944191, -0.18011799454689026, 0.2623370885848999, -0.11689997464418411, -0.4401695132255554
0.011761410161852837, -1.007010579109192, -0.011004272848367691, 0.08966118842363358, -0.012697904370725155, -0.1915292739868164, 0.7849665284156799, -0.6919093132019043
-0.25587111711502075, 0.35977357625961304, 0.028217053040862083, -0.30784061551094055, -0.4368669092655182, -0.6400319933891296, -0.30786848068237305, -0.019146829843521118
-1.9929052591323853, -0.4557264447212219, 0.4292241036891937, -1.4703840017318726, -1.6291959285736084, 0.567954957485199, -0.4717785120010376, 1.2000747919082642
0.7008009552955627, 0.9552908539772034, -0.5599300861358643, -0.1684419959783554, -1.4073671102523804, 0.5535463690757751, -1.6910947561264038, -0.36881890892982483
-1.5708640813827515, 0.8934552073478699, 0.15404605865478516, -1.0696629285812378, 1.5761433839797974, -1.3231518268585205, -1.1028790473937988, 0.9885689616203308
-0.03551200032234192, -0.36840176582336426, 0.1772330105304718, -0.1170119196176529, 0.3602359890937805, 0.5480843186378479, 0.3243965208530426, -0.36954060196876526
0.5269797444343567, -0.2595563232898712, -0.11964325606822968, -0.06398334354162216, 0.06206522881984711, -0.05081744119524956, -0.13916495442390442, 0.10118117183446884
-0.33968761563301086, 0.5733084082603455, 0.07077451050281525, 1.3402397632598877, 0.03336898609995842, -1.1394952535629272, -0.8716219067573547, -1.487834095954895
-0.19699199497699738, 0.1476825773715973, 0.1725175529718399, -0.6329424381256104, -0.045922208577394485, -0.08538949489593506, 0.20728547871112823, 0.25469744205474854
0.2914509177207947, -0.3092157542705536, -0.04016381874680519, 0.07058482617139816, 0.1397421956062317, -0.04712950065732002, 0.5208943486213684, -0.5485712289810181